&input
    asr='crystal',
    amass(1)=26.982538,
    amass(2)=11.000,
    flfrc=alb2666.fc,
    flfrq='frequency'
/
1183
     -0.33333   0.57735   0.54713   1.00000
     -0.30555   0.52924   0.50154   1.00000
     -0.30555   0.57735   0.50154   1.00000
     -0.33333   0.57735   0.50154   1.00000
     -0.27778   0.48113   0.45594   1.00000
     -0.27778   0.52924   0.45594   1.00000
     -0.30555   0.52924   0.45594   1.00000
     -0.27778   0.57735   0.45594   1.00000
     -0.30555   0.57735   0.45594   1.00000
     -0.33333   0.57735   0.45594   1.00000
     -0.25000   0.43301   0.41035   1.00000
     -0.25000   0.48113   0.41035   1.00000
     -0.27777   0.48113   0.41035   1.00000
     -0.25000   0.52924   0.41035   1.00000
     -0.27777   0.52924   0.41035   1.00000
     -0.30555   0.52924   0.41035   1.00000
     -0.25000   0.57735   0.41035   1.00000
     -0.27777   0.57735   0.41035   1.00000
     -0.30555   0.57735   0.41035   1.00000
     -0.33333   0.57735   0.41035   1.00000
     -0.22222   0.38490   0.36475   1.00000
     -0.22222   0.43301   0.36475   1.00000
     -0.25000   0.43301   0.36475   1.00000
     -0.22222   0.48113   0.36475   1.00000
     -0.25000   0.48113   0.36475   1.00000
     -0.27777   0.48113   0.36475   1.00000
     -0.22222   0.52924   0.36475   1.00000
     -0.25000   0.52924   0.36475   1.00000
     -0.27777   0.52924   0.36475   1.00000
     -0.30555   0.52924   0.36475   1.00000
     -0.22222   0.57735   0.36475   1.00000
     -0.25000   0.57735   0.36475   1.00000
     -0.27777   0.57735   0.36475   1.00000
     -0.30555   0.57735   0.36475   1.00000
     -0.33333   0.57735   0.36475   1.00000
     -0.19444   0.33679   0.31916   1.00000
     -0.19444   0.38490   0.31916   1.00000
     -0.22222   0.38490   0.31916   1.00000
     -0.19444   0.43301   0.31916   1.00000
     -0.22222   0.43301   0.31916   1.00000
     -0.25000   0.43301   0.31916   1.00000
     -0.19444   0.48113   0.31916   1.00000
     -0.22222   0.48113   0.31916   1.00000
     -0.25000   0.48113   0.31916   1.00000
     -0.27777   0.48113   0.31916   1.00000
     -0.19444   0.52924   0.31916   1.00000
     -0.22222   0.52924   0.31916   1.00000
     -0.25000   0.52924   0.31916   1.00000
     -0.27777   0.52924   0.31916   1.00000
     -0.30555   0.52924   0.31916   1.00000
     -0.19444   0.57735   0.31916   1.00000
     -0.22222   0.57735   0.31916   1.00000
     -0.25000   0.57735   0.31916   1.00000
     -0.27777   0.57735   0.31916   1.00000
     -0.30555   0.57735   0.31916   1.00000
     -0.33333   0.57735   0.31916   1.00000
     -0.16667   0.28868   0.27356   1.00000
     -0.16667   0.33679   0.27356   1.00000
     -0.19444   0.33679   0.27356   1.00000
     -0.16667   0.38490   0.27356   1.00000
     -0.19444   0.38490   0.27356   1.00000
     -0.22222   0.38490   0.27356   1.00000
     -0.16667   0.43301   0.27356   1.00000
     -0.19444   0.43301   0.27356   1.00000
     -0.22222   0.43301   0.27356   1.00000
     -0.25000   0.43301   0.27356   1.00000
     -0.16667   0.48113   0.27356   1.00000
     -0.19444   0.48113   0.27356   1.00000
     -0.22222   0.48113   0.27356   1.00000
     -0.25000   0.48113   0.27356   1.00000
     -0.27777   0.48113   0.27356   1.00000
     -0.16667   0.52924   0.27356   1.00000
     -0.19444   0.52924   0.27356   1.00000
     -0.22222   0.52924   0.27356   1.00000
     -0.25000   0.52924   0.27356   1.00000
     -0.27777   0.52924   0.27356   1.00000
     -0.30555   0.52924   0.27356   1.00000
     -0.16667   0.57735   0.27356   1.00000
     -0.19444   0.57735   0.27356   1.00000
     -0.22222   0.57735   0.27356   1.00000
     -0.25000   0.57735   0.27356   1.00000
     -0.27777   0.57735   0.27356   1.00000
     -0.30555   0.57735   0.27356   1.00000
     -0.33333   0.57735   0.27356   1.00000
     -0.13889   0.24056   0.22797   1.00000
     -0.13889   0.28868   0.22797   1.00000
     -0.16667   0.28868   0.22797   1.00000
     -0.13889   0.33679   0.22797   1.00000
     -0.16667   0.33679   0.22797   1.00000
     -0.19444   0.33679   0.22797   1.00000
     -0.13889   0.38490   0.22797   1.00000
     -0.16667   0.38490   0.22797   1.00000
     -0.19444   0.38490   0.22797   1.00000
     -0.22222   0.38490   0.22797   1.00000
     -0.13889   0.43301   0.22797   1.00000
     -0.16667   0.43301   0.22797   1.00000
     -0.19444   0.43301   0.22797   1.00000
     -0.22222   0.43301   0.22797   1.00000
     -0.25000   0.43301   0.22797   1.00000
     -0.13889   0.48113   0.22797   1.00000
     -0.16667   0.48113   0.22797   1.00000
     -0.19444   0.48113   0.22797   1.00000
     -0.22222   0.48113   0.22797   1.00000
     -0.25000   0.48113   0.22797   1.00000
     -0.27778   0.48113   0.22797   1.00000
     -0.13889   0.52924   0.22797   1.00000
     -0.16667   0.52924   0.22797   1.00000
     -0.19444   0.52924   0.22797   1.00000
     -0.22222   0.52924   0.22797   1.00000
     -0.25000   0.52924   0.22797   1.00000
     -0.27778   0.52924   0.22797   1.00000
     -0.30555   0.52924   0.22797   1.00000
     -0.13889   0.57735   0.22797   1.00000
     -0.16667   0.57735   0.22797   1.00000
     -0.19444   0.57735   0.22797   1.00000
     -0.22222   0.57735   0.22797   1.00000
     -0.25000   0.57735   0.22797   1.00000
     -0.27778   0.57735   0.22797   1.00000
     -0.30555   0.57735   0.22797   1.00000
     -0.33333   0.57735   0.22797   1.00000
     -0.11111   0.19245   0.18238   1.00000
     -0.11111   0.24056   0.18238   1.00000
     -0.13889   0.24056   0.18238   1.00000
     -0.11111   0.28868   0.18238   1.00000
     -0.13889   0.28868   0.18238   1.00000
     -0.16667   0.28868   0.18238   1.00000
     -0.11111   0.33679   0.18238   1.00000
     -0.13889   0.33679   0.18238   1.00000
     -0.16667   0.33679   0.18238   1.00000
     -0.19444   0.33679   0.18238   1.00000
     -0.11111   0.38490   0.18238   1.00000
     -0.13889   0.38490   0.18238   1.00000
     -0.16667   0.38490   0.18238   1.00000
     -0.19444   0.38490   0.18238   1.00000
     -0.22222   0.38490   0.18238   1.00000
     -0.11111   0.43301   0.18238   1.00000
     -0.13889   0.43301   0.18238   1.00000
     -0.16667   0.43301   0.18238   1.00000
     -0.19444   0.43301   0.18238   1.00000
     -0.22222   0.43301   0.18238   1.00000
     -0.25000   0.43301   0.18238   1.00000
     -0.11111   0.48113   0.18238   1.00000
     -0.13889   0.48113   0.18238   1.00000
     -0.16667   0.48113   0.18238   1.00000
     -0.19444   0.48113   0.18238   1.00000
     -0.22222   0.48113   0.18238   1.00000
     -0.25000   0.48113   0.18238   1.00000
     -0.27777   0.48113   0.18238   1.00000
     -0.11111   0.52924   0.18238   1.00000
     -0.13889   0.52924   0.18238   1.00000
     -0.16667   0.52924   0.18238   1.00000
     -0.19444   0.52924   0.18238   1.00000
     -0.22222   0.52924   0.18238   1.00000
     -0.25000   0.52924   0.18238   1.00000
     -0.27777   0.52924   0.18238   1.00000
     -0.30555   0.52924   0.18238   1.00000
     -0.11111   0.57735   0.18238   1.00000
     -0.13889   0.57735   0.18238   1.00000
     -0.16667   0.57735   0.18238   1.00000
     -0.19444   0.57735   0.18238   1.00000
     -0.22222   0.57735   0.18238   1.00000
     -0.25000   0.57735   0.18238   1.00000
     -0.27777   0.57735   0.18238   1.00000
     -0.30555   0.57735   0.18238   1.00000
     -0.33333   0.57735   0.18238   1.00000
     -0.08333   0.14434   0.13678   1.00000
     -0.08333   0.19245   0.13678   1.00000
     -0.11111   0.19245   0.13678   1.00000
     -0.08333   0.24056   0.13678   1.00000
     -0.11111   0.24056   0.13678   1.00000
     -0.13889   0.24056   0.13678   1.00000
     -0.08333   0.28868   0.13678   1.00000
     -0.11111   0.28868   0.13678   1.00000
     -0.13889   0.28868   0.13678   1.00000
     -0.16667   0.28868   0.13678   1.00000
     -0.08333   0.33679   0.13678   1.00000
     -0.11111   0.33679   0.13678   1.00000
     -0.13889   0.33679   0.13678   1.00000
     -0.16667   0.33679   0.13678   1.00000
     -0.19444   0.33679   0.13678   1.00000
     -0.08333   0.38490   0.13678   1.00000
     -0.11111   0.38490   0.13678   1.00000
     -0.13889   0.38490   0.13678   1.00000
     -0.16667   0.38490   0.13678   1.00000
     -0.19444   0.38490   0.13678   1.00000
     -0.22222   0.38490   0.13678   1.00000
     -0.08333   0.43301   0.13678   1.00000
     -0.11111   0.43301   0.13678   1.00000
     -0.13889   0.43301   0.13678   1.00000
     -0.16667   0.43301   0.13678   1.00000
     -0.19444   0.43301   0.13678   1.00000
     -0.22222   0.43301   0.13678   1.00000
     -0.25000   0.43301   0.13678   1.00000
     -0.08333   0.48113   0.13678   1.00000
     -0.11111   0.48113   0.13678   1.00000
     -0.13889   0.48113   0.13678   1.00000
     -0.16667   0.48113   0.13678   1.00000
     -0.19444   0.48113   0.13678   1.00000
     -0.22222   0.48113   0.13678   1.00000
     -0.25000   0.48113   0.13678   1.00000
     -0.27777   0.48113   0.13678   1.00000
     -0.08333   0.52924   0.13678   1.00000
     -0.11111   0.52924   0.13678   1.00000
     -0.13889   0.52924   0.13678   1.00000
     -0.16667   0.52924   0.13678   1.00000
     -0.19444   0.52924   0.13678   1.00000
     -0.22222   0.52924   0.13678   1.00000
     -0.25000   0.52924   0.13678   1.00000
     -0.27777   0.52924   0.13678   1.00000
     -0.30555   0.52924   0.13678   1.00000
     -0.08333   0.57735   0.13678   1.00000
     -0.11111   0.57735   0.13678   1.00000
     -0.13889   0.57735   0.13678   1.00000
     -0.16667   0.57735   0.13678   1.00000
     -0.19444   0.57735   0.13678   1.00000
     -0.22222   0.57735   0.13678   1.00000
     -0.25000   0.57735   0.13678   1.00000
     -0.27777   0.57735   0.13678   1.00000
     -0.30555   0.57735   0.13678   1.00000
     -0.33333   0.57735   0.13678   1.00000
     -0.05556   0.09623   0.09119   1.00000
     -0.05556   0.14434   0.09119   1.00000
     -0.08333   0.14434   0.09119   1.00000
     -0.05556   0.19245   0.09119   1.00000
     -0.08333   0.19245   0.09119   1.00000
     -0.11111   0.19245   0.09119   1.00000
     -0.05556   0.24056   0.09119   1.00000
     -0.08333   0.24056   0.09119   1.00000
     -0.11111   0.24056   0.09119   1.00000
     -0.13889   0.24056   0.09119   1.00000
     -0.05556   0.28868   0.09119   1.00000
     -0.08333   0.28868   0.09119   1.00000
     -0.11111   0.28868   0.09119   1.00000
     -0.13889   0.28868   0.09119   1.00000
     -0.16667   0.28868   0.09119   1.00000
     -0.05556   0.33679   0.09119   1.00000
     -0.08333   0.33679   0.09119   1.00000
     -0.11111   0.33679   0.09119   1.00000
     -0.13889   0.33679   0.09119   1.00000
     -0.16667   0.33679   0.09119   1.00000
     -0.19444   0.33679   0.09119   1.00000
     -0.05556   0.38490   0.09119   1.00000
     -0.08333   0.38490   0.09119   1.00000
     -0.11111   0.38490   0.09119   1.00000
     -0.13889   0.38490   0.09119   1.00000
     -0.16667   0.38490   0.09119   1.00000
     -0.19444   0.38490   0.09119   1.00000
     -0.22222   0.38490   0.09119   1.00000
     -0.05556   0.43301   0.09119   1.00000
     -0.08333   0.43301   0.09119   1.00000
     -0.11111   0.43301   0.09119   1.00000
     -0.13889   0.43301   0.09119   1.00000
     -0.16667   0.43301   0.09119   1.00000
     -0.19444   0.43301   0.09119   1.00000
     -0.22222   0.43301   0.09119   1.00000
     -0.25000   0.43301   0.09119   1.00000
     -0.05556   0.48113   0.09119   1.00000
     -0.08333   0.48113   0.09119   1.00000
     -0.11111   0.48113   0.09119   1.00000
     -0.13889   0.48113   0.09119   1.00000
     -0.16667   0.48113   0.09119   1.00000
     -0.19444   0.48113   0.09119   1.00000
     -0.22222   0.48113   0.09119   1.00000
     -0.25000   0.48113   0.09119   1.00000
     -0.27777   0.48113   0.09119   1.00000
     -0.05556   0.52924   0.09119   1.00000
     -0.08333   0.52924   0.09119   1.00000
     -0.11111   0.52924   0.09119   1.00000
     -0.13889   0.52924   0.09119   1.00000
     -0.16667   0.52924   0.09119   1.00000
     -0.19444   0.52924   0.09119   1.00000
     -0.22222   0.52924   0.09119   1.00000
     -0.25000   0.52924   0.09119   1.00000
     -0.27777   0.52924   0.09119   1.00000
     -0.30555   0.52924   0.09119   1.00000
     -0.05556   0.57735   0.09119   1.00000
     -0.08333   0.57735   0.09119   1.00000
     -0.11111   0.57735   0.09119   1.00000
     -0.13889   0.57735   0.09119   1.00000
     -0.16667   0.57735   0.09119   1.00000
     -0.19444   0.57735   0.09119   1.00000
     -0.22222   0.57735   0.09119   1.00000
     -0.25000   0.57735   0.09119   1.00000
     -0.27777   0.57735   0.09119   1.00000
     -0.30555   0.57735   0.09119   1.00000
     -0.33333   0.57735   0.09119   1.00000
     -0.02778   0.04811   0.04559   1.00000
     -0.02778   0.09623   0.04559   1.00000
     -0.05556   0.09623   0.04559   1.00000
     -0.02778   0.14434   0.04559   1.00000
     -0.05556   0.14434   0.04559   1.00000
     -0.08333   0.14434   0.04559   1.00000
     -0.02778   0.19245   0.04559   1.00000
     -0.05556   0.19245   0.04559   1.00000
     -0.08333   0.19245   0.04559   1.00000
     -0.11111   0.19245   0.04559   1.00000
     -0.02778   0.24056   0.04559   1.00000
     -0.05556   0.24056   0.04559   1.00000
     -0.08333   0.24056   0.04559   1.00000
     -0.11111   0.24056   0.04559   1.00000
     -0.13889   0.24056   0.04559   1.00000
     -0.02778   0.28868   0.04559   1.00000
     -0.05556   0.28868   0.04559   1.00000
     -0.08333   0.28868   0.04559   1.00000
     -0.11111   0.28868   0.04559   1.00000
     -0.13889   0.28868   0.04559   1.00000
     -0.16667   0.28868   0.04559   1.00000
     -0.02778   0.33679   0.04559   1.00000
     -0.05556   0.33679   0.04559   1.00000
     -0.08333   0.33679   0.04559   1.00000
     -0.11111   0.33679   0.04559   1.00000
     -0.13889   0.33679   0.04559   1.00000
     -0.16667   0.33679   0.04559   1.00000
     -0.19444   0.33679   0.04559   1.00000
     -0.02778   0.38490   0.04559   1.00000
     -0.05556   0.38490   0.04559   1.00000
     -0.08333   0.38490   0.04559   1.00000
     -0.11111   0.38490   0.04559   1.00000
     -0.13889   0.38490   0.04559   1.00000
     -0.16667   0.38490   0.04559   1.00000
     -0.19444   0.38490   0.04559   1.00000
     -0.22222   0.38490   0.04559   1.00000
     -0.02778   0.43301   0.04559   1.00000
     -0.05556   0.43301   0.04559   1.00000
     -0.08333   0.43301   0.04559   1.00000
     -0.11111   0.43301   0.04559   1.00000
     -0.13889   0.43301   0.04559   1.00000
     -0.16667   0.43301   0.04559   1.00000
     -0.19444   0.43301   0.04559   1.00000
     -0.22222   0.43301   0.04559   1.00000
     -0.25000   0.43301   0.04559   1.00000
     -0.02778   0.48113   0.04559   1.00000
     -0.05556   0.48113   0.04559   1.00000
     -0.08333   0.48113   0.04559   1.00000
     -0.11111   0.48113   0.04559   1.00000
     -0.13889   0.48113   0.04559   1.00000
     -0.16667   0.48113   0.04559   1.00000
     -0.19444   0.48113   0.04559   1.00000
     -0.22222   0.48113   0.04559   1.00000
     -0.25000   0.48113   0.04559   1.00000
     -0.27777   0.48113   0.04559   1.00000
     -0.02778   0.52924   0.04559   1.00000
     -0.05556   0.52924   0.04559   1.00000
     -0.08333   0.52924   0.04559   1.00000
     -0.11111   0.52924   0.04559   1.00000
     -0.13889   0.52924   0.04559   1.00000
     -0.16667   0.52924   0.04559   1.00000
     -0.19444   0.52924   0.04559   1.00000
     -0.22222   0.52924   0.04559   1.00000
     -0.25000   0.52924   0.04559   1.00000
     -0.27777   0.52924   0.04559   1.00000
     -0.30555   0.52924   0.04559   1.00000
     -0.02778   0.57735   0.04559   1.00000
     -0.05556   0.57735   0.04559   1.00000
     -0.08333   0.57735   0.04559   1.00000
     -0.11111   0.57735   0.04559   1.00000
     -0.13889   0.57735   0.04559   1.00000
     -0.16667   0.57735   0.04559   1.00000
     -0.19444   0.57735   0.04559   1.00000
     -0.22222   0.57735   0.04559   1.00000
     -0.25000   0.57735   0.04559   1.00000
     -0.27777   0.57735   0.04559   1.00000
     -0.30555   0.57735   0.04559   1.00000
     -0.33333   0.57735   0.04559   1.00000
      0.00000   0.00000   0.00000   1.00000
      0.00000   0.04811   0.00000   1.00000
     -0.02778   0.04811   0.00000   1.00000
      0.00000   0.09623   0.00000   1.00000
     -0.02778   0.09623   0.00000   1.00000
     -0.05556   0.09623   0.00000   1.00000
      0.00000   0.14434   0.00000   1.00000
     -0.02778   0.14434   0.00000   1.00000
     -0.05556   0.14434   0.00000   1.00000
     -0.08333   0.14434   0.00000   1.00000
      0.00000   0.19245   0.00000   1.00000
     -0.02778   0.19245   0.00000   1.00000
     -0.05556   0.19245   0.00000   1.00000
     -0.08333   0.19245   0.00000   1.00000
     -0.11111   0.19245   0.00000   1.00000
      0.00000   0.24056   0.00000   1.00000
     -0.02778   0.24056   0.00000   1.00000
     -0.05556   0.24056   0.00000   1.00000
     -0.08333   0.24056   0.00000   1.00000
     -0.11111   0.24056   0.00000   1.00000
     -0.13889   0.24056   0.00000   1.00000
      0.00000   0.28868   0.00000   1.00000
     -0.02778   0.28868   0.00000   1.00000
     -0.05556   0.28868   0.00000   1.00000
     -0.08333   0.28868   0.00000   1.00000
     -0.11111   0.28868   0.00000   1.00000
     -0.13889   0.28868   0.00000   1.00000
     -0.16667   0.28868   0.00000   1.00000
      0.00000   0.33679   0.00000   1.00000
     -0.02778   0.33679   0.00000   1.00000
     -0.05556   0.33679   0.00000   1.00000
     -0.08333   0.33679   0.00000   1.00000
     -0.11111   0.33679   0.00000   1.00000
     -0.13889   0.33679   0.00000   1.00000
     -0.16667   0.33679   0.00000   1.00000
     -0.19444   0.33679   0.00000   1.00000
      0.00000   0.38490   0.00000   1.00000
     -0.02778   0.38490   0.00000   1.00000
     -0.05556   0.38490   0.00000   1.00000
     -0.08333   0.38490   0.00000   1.00000
     -0.11111   0.38490   0.00000   1.00000
     -0.13889   0.38490   0.00000   1.00000
     -0.16667   0.38490   0.00000   1.00000
     -0.19444   0.38490   0.00000   1.00000
     -0.22222   0.38490   0.00000   1.00000
      0.00000   0.43301   0.00000   1.00000
     -0.02778   0.43301   0.00000   1.00000
     -0.05556   0.43301   0.00000   1.00000
     -0.08333   0.43301   0.00000   1.00000
     -0.11111   0.43301   0.00000   1.00000
     -0.13889   0.43301   0.00000   1.00000
     -0.16667   0.43301   0.00000   1.00000
     -0.19444   0.43301   0.00000   1.00000
     -0.22222   0.43301   0.00000   1.00000
     -0.25000   0.43301   0.00000   1.00000
      0.00000   0.48113   0.00000   1.00000
     -0.02778   0.48113   0.00000   1.00000
     -0.05556   0.48113   0.00000   1.00000
     -0.08333   0.48113   0.00000   1.00000
     -0.11111   0.48113   0.00000   1.00000
     -0.13889   0.48113   0.00000   1.00000
     -0.16667   0.48113   0.00000   1.00000
     -0.19444   0.48113   0.00000   1.00000
     -0.22222   0.48113   0.00000   1.00000
     -0.25000   0.48113   0.00000   1.00000
     -0.27778   0.48113   0.00000   1.00000
      0.00000   0.52924   0.00000   1.00000
     -0.02778   0.52924   0.00000   1.00000
     -0.05556   0.52924   0.00000   1.00000
     -0.08333   0.52924   0.00000   1.00000
     -0.11111   0.52924   0.00000   1.00000
     -0.13889   0.52924   0.00000   1.00000
     -0.16667   0.52924   0.00000   1.00000
     -0.19444   0.52924   0.00000   1.00000
     -0.22222   0.52924   0.00000   1.00000
     -0.25000   0.52924   0.00000   1.00000
     -0.27778   0.52924   0.00000   1.00000
     -0.30555   0.52924   0.00000   1.00000
      0.00000   0.57735   0.00000   1.00000
     -0.02778   0.57735   0.00000   1.00000
     -0.05556   0.57735   0.00000   1.00000
     -0.08333   0.57735   0.00000   1.00000
     -0.11111   0.57735   0.00000   1.00000
     -0.13889   0.57735   0.00000   1.00000
     -0.16667   0.57735   0.00000   1.00000
     -0.19444   0.57735   0.00000   1.00000
     -0.22222   0.57735   0.00000   1.00000
     -0.25000   0.57735   0.00000   1.00000
     -0.27778   0.57735   0.00000   1.00000
     -0.30555   0.57735   0.00000   1.00000
     -0.33333   0.57735   0.00000   1.00000
     -0.30555   0.52924   0.54713   1.00000
     -0.30555   0.57735   0.54713   1.00000
     -0.27778   0.48113   0.50154   1.00000
     -0.27778   0.52924   0.50154   1.00000
     -0.27778   0.48113   0.54713   1.00000
     -0.27778   0.52924   0.54713   1.00000
     -0.27778   0.57735   0.54713   1.00000
     -0.25000   0.43301   0.45594   1.00000
     -0.25000   0.48113   0.45594   1.00000
     -0.25000   0.43301   0.50154   1.00000
     -0.25000   0.48113   0.50154   1.00000
     -0.25000   0.52924   0.50154   1.00000
     -0.25000   0.43301   0.54713   1.00000
     -0.25000   0.48113   0.54713   1.00000
     -0.25000   0.52924   0.54713   1.00000
     -0.25000   0.57735   0.54713   1.00000
     -0.22222   0.38490   0.41035   1.00000
     -0.22222   0.43301   0.41035   1.00000
     -0.22222   0.38490   0.45594   1.00000
     -0.22222   0.43301   0.45594   1.00000
     -0.22222   0.48113   0.45594   1.00000
     -0.22222   0.38490   0.50154   1.00000
     -0.22222   0.43301   0.50154   1.00000
     -0.22222   0.48113   0.50154   1.00000
     -0.22222   0.52924   0.50154   1.00000
     -0.22222   0.38490   0.54713   1.00000
     -0.22222   0.43301   0.54713   1.00000
     -0.22222   0.48113   0.54713   1.00000
     -0.22222   0.52924   0.54713   1.00000
     -0.22222   0.57735   0.54713   1.00000
     -0.19444   0.33679   0.36475   1.00000
     -0.19444   0.38490   0.36475   1.00000
     -0.19444   0.33679   0.41035   1.00000
     -0.19444   0.38490   0.41035   1.00000
     -0.19444   0.43301   0.41035   1.00000
     -0.19444   0.33679   0.45594   1.00000
     -0.19444   0.38490   0.45594   1.00000
     -0.19444   0.43301   0.45594   1.00000
     -0.19444   0.48113   0.45594   1.00000
     -0.19444   0.33679   0.50154   1.00000
     -0.19444   0.38490   0.50154   1.00000
     -0.19444   0.43301   0.50154   1.00000
     -0.19444   0.48113   0.50154   1.00000
     -0.19444   0.52924   0.50154   1.00000
     -0.19444   0.33679   0.54713   1.00000
     -0.19444   0.38490   0.54713   1.00000
     -0.19444   0.43301   0.54713   1.00000
     -0.19444   0.48113   0.54713   1.00000
     -0.19444   0.52924   0.54713   1.00000
     -0.19444   0.57735   0.54713   1.00000
     -0.16667   0.28868   0.31916   1.00000
     -0.16667   0.33679   0.31916   1.00000
     -0.16667   0.28868   0.36475   1.00000
     -0.16667   0.33679   0.36475   1.00000
     -0.16667   0.38490   0.36475   1.00000
     -0.16667   0.28868   0.41035   1.00000
     -0.16667   0.33679   0.41035   1.00000
     -0.16667   0.38490   0.41035   1.00000
     -0.16667   0.43301   0.41035   1.00000
     -0.16667   0.28868   0.45594   1.00000
     -0.16667   0.33679   0.45594   1.00000
     -0.16667   0.38490   0.45594   1.00000
     -0.16667   0.43301   0.45594   1.00000
     -0.16667   0.48113   0.45594   1.00000
     -0.16667   0.28868   0.50154   1.00000
     -0.16667   0.33679   0.50154   1.00000
     -0.16667   0.38490   0.50154   1.00000
     -0.16667   0.43301   0.50154   1.00000
     -0.16667   0.48113   0.50154   1.00000
     -0.16667   0.52924   0.50154   1.00000
     -0.16667   0.28868   0.54713   1.00000
     -0.16667   0.33679   0.54713   1.00000
     -0.16667   0.38490   0.54713   1.00000
     -0.16667   0.43301   0.54713   1.00000
     -0.16667   0.48113   0.54713   1.00000
     -0.16667   0.52924   0.54713   1.00000
     -0.16667   0.57735   0.54713   1.00000
     -0.13889   0.24056   0.27356   1.00000
     -0.13889   0.28868   0.27356   1.00000
     -0.13889   0.24056   0.31916   1.00000
     -0.13889   0.28868   0.31916   1.00000
     -0.13889   0.33679   0.31916   1.00000
     -0.13889   0.24056   0.36475   1.00000
     -0.13889   0.28868   0.36475   1.00000
     -0.13889   0.33679   0.36475   1.00000
     -0.13889   0.38490   0.36475   1.00000
     -0.13889   0.24056   0.41035   1.00000
     -0.13889   0.28868   0.41035   1.00000
     -0.13889   0.33679   0.41035   1.00000
     -0.13889   0.38490   0.41035   1.00000
     -0.13889   0.43301   0.41035   1.00000
     -0.13889   0.24056   0.45594   1.00000
     -0.13889   0.28868   0.45594   1.00000
     -0.13889   0.33679   0.45594   1.00000
     -0.13889   0.38490   0.45594   1.00000
     -0.13889   0.43301   0.45594   1.00000
     -0.13889   0.48113   0.45594   1.00000
     -0.13889   0.24056   0.50154   1.00000
     -0.13889   0.28868   0.50154   1.00000
     -0.13889   0.33679   0.50154   1.00000
     -0.13889   0.38490   0.50154   1.00000
     -0.13889   0.43301   0.50154   1.00000
     -0.13889   0.48113   0.50154   1.00000
     -0.13889   0.52924   0.50154   1.00000
     -0.13889   0.24056   0.54713   1.00000
     -0.13889   0.28868   0.54713   1.00000
     -0.13889   0.33679   0.54713   1.00000
     -0.13889   0.38490   0.54713   1.00000
     -0.13889   0.43301   0.54713   1.00000
     -0.13889   0.48113   0.54713   1.00000
     -0.13889   0.52924   0.54713   1.00000
     -0.13889   0.57735   0.54713   1.00000
     -0.11111   0.19245   0.22797   1.00000
     -0.11111   0.24056   0.22797   1.00000
     -0.11111   0.19245   0.27356   1.00000
     -0.11111   0.24056   0.27356   1.00000
     -0.11111   0.28868   0.27356   1.00000
     -0.11111   0.19245   0.31916   1.00000
     -0.11111   0.24056   0.31916   1.00000
     -0.11111   0.28868   0.31916   1.00000
     -0.11111   0.33679   0.31916   1.00000
     -0.11111   0.19245   0.36475   1.00000
     -0.11111   0.24056   0.36475   1.00000
     -0.11111   0.28868   0.36475   1.00000
     -0.11111   0.33679   0.36475   1.00000
     -0.11111   0.38490   0.36475   1.00000
     -0.11111   0.19245   0.41035   1.00000
     -0.11111   0.24056   0.41035   1.00000
     -0.11111   0.28868   0.41035   1.00000
     -0.11111   0.33679   0.41035   1.00000
     -0.11111   0.38490   0.41035   1.00000
     -0.11111   0.43301   0.41035   1.00000
     -0.11111   0.19245   0.45594   1.00000
     -0.11111   0.24056   0.45594   1.00000
     -0.11111   0.28868   0.45594   1.00000
     -0.11111   0.33679   0.45594   1.00000
     -0.11111   0.38490   0.45594   1.00000
     -0.11111   0.43301   0.45594   1.00000
     -0.11111   0.48113   0.45594   1.00000
     -0.11111   0.19245   0.50154   1.00000
     -0.11111   0.24056   0.50154   1.00000
     -0.11111   0.28868   0.50154   1.00000
     -0.11111   0.33679   0.50154   1.00000
     -0.11111   0.38490   0.50154   1.00000
     -0.11111   0.43301   0.50154   1.00000
     -0.11111   0.48113   0.50154   1.00000
     -0.11111   0.52924   0.50154   1.00000
     -0.11111   0.19245   0.54713   1.00000
     -0.11111   0.24056   0.54713   1.00000
     -0.11111   0.28868   0.54713   1.00000
     -0.11111   0.33679   0.54713   1.00000
     -0.11111   0.38490   0.54713   1.00000
     -0.11111   0.43301   0.54713   1.00000
     -0.11111   0.48113   0.54713   1.00000
     -0.11111   0.52924   0.54713   1.00000
     -0.11111   0.57735   0.54713   1.00000
     -0.08333   0.14434   0.18238   1.00000
     -0.08333   0.19245   0.18238   1.00000
     -0.08333   0.14434   0.22797   1.00000
     -0.08333   0.19245   0.22797   1.00000
     -0.08333   0.24056   0.22797   1.00000
     -0.08333   0.14434   0.27356   1.00000
     -0.08333   0.19245   0.27356   1.00000
     -0.08333   0.24056   0.27356   1.00000
     -0.08333   0.28868   0.27356   1.00000
     -0.08333   0.14434   0.31916   1.00000
     -0.08333   0.19245   0.31916   1.00000
     -0.08333   0.24056   0.31916   1.00000
     -0.08333   0.28868   0.31916   1.00000
     -0.08333   0.33679   0.31916   1.00000
     -0.08333   0.14434   0.36475   1.00000
     -0.08333   0.19245   0.36475   1.00000
     -0.08333   0.24056   0.36475   1.00000
     -0.08333   0.28868   0.36475   1.00000
     -0.08333   0.33679   0.36475   1.00000
     -0.08333   0.38490   0.36475   1.00000
     -0.08333   0.14434   0.41035   1.00000
     -0.08333   0.19245   0.41035   1.00000
     -0.08333   0.24056   0.41035   1.00000
     -0.08333   0.28868   0.41035   1.00000
     -0.08333   0.33679   0.41035   1.00000
     -0.08333   0.38490   0.41035   1.00000
     -0.08333   0.43301   0.41035   1.00000
     -0.08333   0.14434   0.45594   1.00000
     -0.08333   0.19245   0.45594   1.00000
     -0.08333   0.24056   0.45594   1.00000
     -0.08333   0.28868   0.45594   1.00000
     -0.08333   0.33679   0.45594   1.00000
     -0.08333   0.38490   0.45594   1.00000
     -0.08333   0.43301   0.45594   1.00000
     -0.08333   0.48113   0.45594   1.00000
     -0.08333   0.14434   0.50154   1.00000
     -0.08333   0.19245   0.50154   1.00000
     -0.08333   0.24056   0.50154   1.00000
     -0.08333   0.28868   0.50154   1.00000
     -0.08333   0.33679   0.50154   1.00000
     -0.08333   0.38490   0.50154   1.00000
     -0.08333   0.43301   0.50154   1.00000
     -0.08333   0.48113   0.50154   1.00000
     -0.08333   0.52924   0.50154   1.00000
     -0.08333   0.14434   0.54713   1.00000
     -0.08333   0.19245   0.54713   1.00000
     -0.08333   0.24056   0.54713   1.00000
     -0.08333   0.28868   0.54713   1.00000
     -0.08333   0.33679   0.54713   1.00000
     -0.08333   0.38490   0.54713   1.00000
     -0.08333   0.43301   0.54713   1.00000
     -0.08333   0.48113   0.54713   1.00000
     -0.08333   0.52924   0.54713   1.00000
     -0.08333   0.57735   0.54713   1.00000
     -0.05556   0.09623   0.13678   1.00000
     -0.05556   0.14434   0.13678   1.00000
     -0.05556   0.09623   0.18238   1.00000
     -0.05556   0.14434   0.18238   1.00000
     -0.05556   0.19245   0.18238   1.00000
     -0.05556   0.09623   0.22797   1.00000
     -0.05556   0.14434   0.22797   1.00000
     -0.05556   0.19245   0.22797   1.00000
     -0.05556   0.24056   0.22797   1.00000
     -0.05556   0.09623   0.27356   1.00000
     -0.05556   0.14434   0.27356   1.00000
     -0.05556   0.19245   0.27356   1.00000
     -0.05556   0.24056   0.27356   1.00000
     -0.05556   0.28868   0.27356   1.00000
     -0.05556   0.09623   0.31916   1.00000
     -0.05556   0.14434   0.31916   1.00000
     -0.05556   0.19245   0.31916   1.00000
     -0.05556   0.24056   0.31916   1.00000
     -0.05556   0.28868   0.31916   1.00000
     -0.05556   0.33679   0.31916   1.00000
     -0.05556   0.09623   0.36475   1.00000
     -0.05556   0.14434   0.36475   1.00000
     -0.05556   0.19245   0.36475   1.00000
     -0.05556   0.24056   0.36475   1.00000
     -0.05556   0.28868   0.36475   1.00000
     -0.05556   0.33679   0.36475   1.00000
     -0.05556   0.38490   0.36475   1.00000
     -0.05556   0.09623   0.41035   1.00000
     -0.05556   0.14434   0.41035   1.00000
     -0.05556   0.19245   0.41035   1.00000
     -0.05556   0.24056   0.41035   1.00000
     -0.05556   0.28868   0.41035   1.00000
     -0.05556   0.33679   0.41035   1.00000
     -0.05556   0.38490   0.41035   1.00000
     -0.05556   0.43301   0.41035   1.00000
     -0.05556   0.09623   0.45594   1.00000
     -0.05556   0.14434   0.45594   1.00000
     -0.05556   0.19245   0.45594   1.00000
     -0.05556   0.24056   0.45594   1.00000
     -0.05556   0.28868   0.45594   1.00000
     -0.05556   0.33679   0.45594   1.00000
     -0.05556   0.38490   0.45594   1.00000
     -0.05556   0.43301   0.45594   1.00000
     -0.05556   0.48113   0.45594   1.00000
     -0.05556   0.09623   0.50154   1.00000
     -0.05556   0.14434   0.50154   1.00000
     -0.05556   0.19245   0.50154   1.00000
     -0.05556   0.24056   0.50154   1.00000
     -0.05556   0.28868   0.50154   1.00000
     -0.05556   0.33679   0.50154   1.00000
     -0.05556   0.38490   0.50154   1.00000
     -0.05556   0.43301   0.50154   1.00000
     -0.05556   0.48113   0.50154   1.00000
     -0.05556   0.52924   0.50154   1.00000
     -0.05556   0.09623   0.54713   1.00000
     -0.05556   0.14434   0.54713   1.00000
     -0.05556   0.19245   0.54713   1.00000
     -0.05556   0.24056   0.54713   1.00000
     -0.05556   0.28868   0.54713   1.00000
     -0.05556   0.33679   0.54713   1.00000
     -0.05556   0.38490   0.54713   1.00000
     -0.05556   0.43301   0.54713   1.00000
     -0.05556   0.48113   0.54713   1.00000
     -0.05556   0.52924   0.54713   1.00000
     -0.05556   0.57735   0.54713   1.00000
     -0.02778   0.04811   0.09119   1.00000
     -0.02778   0.09623   0.09119   1.00000
     -0.02778   0.04811   0.13678   1.00000
     -0.02778   0.09623   0.13678   1.00000
     -0.02778   0.14434   0.13678   1.00000
     -0.02778   0.04811   0.18238   1.00000
     -0.02778   0.09623   0.18238   1.00000
     -0.02778   0.14434   0.18238   1.00000
     -0.02778   0.19245   0.18238   1.00000
     -0.02778   0.04811   0.22797   1.00000
     -0.02778   0.09623   0.22797   1.00000
     -0.02778   0.14434   0.22797   1.00000
     -0.02778   0.19245   0.22797   1.00000
     -0.02778   0.24056   0.22797   1.00000
     -0.02778   0.04811   0.27356   1.00000
     -0.02778   0.09623   0.27356   1.00000
     -0.02778   0.14434   0.27356   1.00000
     -0.02778   0.19245   0.27356   1.00000
     -0.02778   0.24056   0.27356   1.00000
     -0.02778   0.28868   0.27356   1.00000
     -0.02778   0.04811   0.31916   1.00000
     -0.02778   0.09623   0.31916   1.00000
     -0.02778   0.14434   0.31916   1.00000
     -0.02778   0.19245   0.31916   1.00000
     -0.02778   0.24056   0.31916   1.00000
     -0.02778   0.28868   0.31916   1.00000
     -0.02778   0.33679   0.31916   1.00000
     -0.02778   0.04811   0.36475   1.00000
     -0.02778   0.09623   0.36475   1.00000
     -0.02778   0.14434   0.36475   1.00000
     -0.02778   0.19245   0.36475   1.00000
     -0.02778   0.24056   0.36475   1.00000
     -0.02778   0.28868   0.36475   1.00000
     -0.02778   0.33679   0.36475   1.00000
     -0.02778   0.38490   0.36475   1.00000
     -0.02778   0.04811   0.41035   1.00000
     -0.02778   0.09623   0.41035   1.00000
     -0.02778   0.14434   0.41035   1.00000
     -0.02778   0.19245   0.41035   1.00000
     -0.02778   0.24056   0.41035   1.00000
     -0.02778   0.28868   0.41035   1.00000
     -0.02778   0.33679   0.41035   1.00000
     -0.02778   0.38490   0.41035   1.00000
     -0.02778   0.43301   0.41035   1.00000
     -0.02778   0.04811   0.45594   1.00000
     -0.02778   0.09623   0.45594   1.00000
     -0.02778   0.14434   0.45594   1.00000
     -0.02778   0.19245   0.45594   1.00000
     -0.02778   0.24056   0.45594   1.00000
     -0.02778   0.28868   0.45594   1.00000
     -0.02778   0.33679   0.45594   1.00000
     -0.02778   0.38490   0.45594   1.00000
     -0.02778   0.43301   0.45594   1.00000
     -0.02778   0.48113   0.45594   1.00000
     -0.02778   0.04811   0.50154   1.00000
     -0.02778   0.09623   0.50154   1.00000
     -0.02778   0.14434   0.50154   1.00000
     -0.02778   0.19245   0.50154   1.00000
     -0.02778   0.24056   0.50154   1.00000
     -0.02778   0.28868   0.50154   1.00000
     -0.02778   0.33679   0.50154   1.00000
     -0.02778   0.38490   0.50154   1.00000
     -0.02778   0.43301   0.50154   1.00000
     -0.02778   0.48113   0.50154   1.00000
     -0.02778   0.52924   0.50154   1.00000
     -0.02778   0.04811   0.54713   1.00000
     -0.02778   0.09623   0.54713   1.00000
     -0.02778   0.14434   0.54713   1.00000
     -0.02778   0.19245   0.54713   1.00000
     -0.02778   0.24056   0.54713   1.00000
     -0.02778   0.28868   0.54713   1.00000
     -0.02778   0.33679   0.54713   1.00000
     -0.02778   0.38490   0.54713   1.00000
     -0.02778   0.43301   0.54713   1.00000
     -0.02778   0.48113   0.54713   1.00000
     -0.02778   0.52924   0.54713   1.00000
     -0.02778   0.57735   0.54713   1.00000
      0.00000   0.00000   0.04559   1.00000
      0.00000   0.04811   0.04559   1.00000
      0.00000   0.00000   0.09119   1.00000
      0.00000   0.04811   0.09119   1.00000
      0.00000   0.09623   0.09119   1.00000
      0.00000   0.00000   0.13678   1.00000
      0.00000   0.04811   0.13678   1.00000
      0.00000   0.09623   0.13678   1.00000
      0.00000   0.14434   0.13678   1.00000
      0.00000   0.00000   0.18238   1.00000
      0.00000   0.04811   0.18238   1.00000
      0.00000   0.09623   0.18238   1.00000
      0.00000   0.14434   0.18238   1.00000
      0.00000   0.19245   0.18238   1.00000
      0.00000   0.00000   0.22797   1.00000
      0.00000   0.04811   0.22797   1.00000
      0.00000   0.09623   0.22797   1.00000
      0.00000   0.14434   0.22797   1.00000
      0.00000   0.19245   0.22797   1.00000
      0.00000   0.24056   0.22797   1.00000
      0.00000   0.00000   0.27356   1.00000
      0.00000   0.04811   0.27356   1.00000
      0.00000   0.09623   0.27356   1.00000
      0.00000   0.14434   0.27356   1.00000
      0.00000   0.19245   0.27356   1.00000
      0.00000   0.24056   0.27356   1.00000
      0.00000   0.28868   0.27356   1.00000
      0.00000   0.00000   0.31916   1.00000
      0.00000   0.04811   0.31916   1.00000
      0.00000   0.09623   0.31916   1.00000
      0.00000   0.14434   0.31916   1.00000
      0.00000   0.19245   0.31916   1.00000
      0.00000   0.24056   0.31916   1.00000
      0.00000   0.28868   0.31916   1.00000
      0.00000   0.33679   0.31916   1.00000
      0.00000   0.00000   0.36475   1.00000
      0.00000   0.04811   0.36475   1.00000
      0.00000   0.09623   0.36475   1.00000
      0.00000   0.14434   0.36475   1.00000
      0.00000   0.19245   0.36475   1.00000
      0.00000   0.24056   0.36475   1.00000
      0.00000   0.28868   0.36475   1.00000
      0.00000   0.33679   0.36475   1.00000
      0.00000   0.38490   0.36475   1.00000
      0.00000   0.00000   0.41035   1.00000
      0.00000   0.04811   0.41035   1.00000
      0.00000   0.09623   0.41035   1.00000
      0.00000   0.14434   0.41035   1.00000
      0.00000   0.19245   0.41035   1.00000
      0.00000   0.24056   0.41035   1.00000
      0.00000   0.28868   0.41035   1.00000
      0.00000   0.33679   0.41035   1.00000
      0.00000   0.38490   0.41035   1.00000
      0.00000   0.43301   0.41035   1.00000
      0.00000   0.00000   0.45594   1.00000
      0.00000   0.04811   0.45594   1.00000
      0.00000   0.09623   0.45594   1.00000
      0.00000   0.14434   0.45594   1.00000
      0.00000   0.19245   0.45594   1.00000
      0.00000   0.24056   0.45594   1.00000
      0.00000   0.28868   0.45594   1.00000
      0.00000   0.33679   0.45594   1.00000
      0.00000   0.38490   0.45594   1.00000
      0.00000   0.43301   0.45594   1.00000
      0.00000   0.48113   0.45594   1.00000
      0.00000   0.00000   0.50154   1.00000
      0.00000   0.04811   0.50154   1.00000
      0.00000   0.09623   0.50154   1.00000
      0.00000   0.14434   0.50154   1.00000
      0.00000   0.19245   0.50154   1.00000
      0.00000   0.24056   0.50154   1.00000
      0.00000   0.28868   0.50154   1.00000
      0.00000   0.33679   0.50154   1.00000
      0.00000   0.38490   0.50154   1.00000
      0.00000   0.43301   0.50154   1.00000
      0.00000   0.48113   0.50154   1.00000
      0.00000   0.52924   0.50154   1.00000
      0.00000   0.00000   0.54713   1.00000
      0.00000   0.04811   0.54713   1.00000
      0.00000   0.09623   0.54713   1.00000
      0.00000   0.14434   0.54713   1.00000
      0.00000   0.19245   0.54713   1.00000
      0.00000   0.24056   0.54713   1.00000
      0.00000   0.28868   0.54713   1.00000
      0.00000   0.33679   0.54713   1.00000
      0.00000   0.38490   0.54713   1.00000
      0.00000   0.43301   0.54713   1.00000
      0.00000   0.48113   0.54713   1.00000
      0.00000   0.52924   0.54713   1.00000
      0.00000   0.57735   0.54713   1.00000
      0.00000   0.57735   0.04559   1.00000
      0.00000   0.52924   0.04559   1.00000
      0.00000   0.57735   0.09119   1.00000
     -0.02778   0.57735   0.09119   1.00000
      0.00000   0.48113   0.04559   1.00000
      0.00000   0.52924   0.09119   1.00000
     -0.02778   0.52924   0.09119   1.00000
      0.00000   0.57735   0.13678   1.00000
     -0.02778   0.57735   0.13678   1.00000
     -0.05556   0.57735   0.13678   1.00000
      0.00000   0.43301   0.04559   1.00000
      0.00000   0.48113   0.09119   1.00000
     -0.02778   0.48113   0.09119   1.00000
      0.00000   0.52924   0.13678   1.00000
     -0.02778   0.52924   0.13678   1.00000
     -0.05556   0.52924   0.13678   1.00000
      0.00000   0.57735   0.18238   1.00000
     -0.02778   0.57735   0.18238   1.00000
     -0.05556   0.57735   0.18238   1.00000
     -0.08333   0.57735   0.18238   1.00000
      0.00000   0.38490   0.04559   1.00000
      0.00000   0.43301   0.09119   1.00000
     -0.02778   0.43301   0.09119   1.00000
      0.00000   0.48113   0.13678   1.00000
     -0.02778   0.48113   0.13678   1.00000
     -0.05556   0.48113   0.13678   1.00000
      0.00000   0.52924   0.18238   1.00000
     -0.02778   0.52924   0.18238   1.00000
     -0.05556   0.52924   0.18238   1.00000
     -0.08333   0.52924   0.18238   1.00000
      0.00000   0.57735   0.22797   1.00000
     -0.02778   0.57735   0.22797   1.00000
     -0.05556   0.57735   0.22797   1.00000
     -0.08333   0.57735   0.22797   1.00000
     -0.11111   0.57735   0.22797   1.00000
      0.00000   0.33679   0.04559   1.00000
      0.00000   0.38490   0.09119   1.00000
     -0.02778   0.38490   0.09119   1.00000
      0.00000   0.43301   0.13678   1.00000
     -0.02778   0.43301   0.13678   1.00000
     -0.05556   0.43301   0.13678   1.00000
      0.00000   0.48113   0.18238   1.00000
     -0.02778   0.48113   0.18238   1.00000
     -0.05556   0.48113   0.18238   1.00000
     -0.08333   0.48113   0.18238   1.00000
      0.00000   0.52924   0.22797   1.00000
     -0.02778   0.52924   0.22797   1.00000
     -0.05556   0.52924   0.22797   1.00000
     -0.08333   0.52924   0.22797   1.00000
     -0.11111   0.52924   0.22797   1.00000
      0.00000   0.57735   0.27356   1.00000
     -0.02778   0.57735   0.27356   1.00000
     -0.05556   0.57735   0.27356   1.00000
     -0.08333   0.57735   0.27356   1.00000
     -0.11111   0.57735   0.27356   1.00000
     -0.13889   0.57735   0.27356   1.00000
      0.00000   0.28868   0.04559   1.00000
      0.00000   0.33679   0.09119   1.00000
     -0.02778   0.33679   0.09119   1.00000
      0.00000   0.38490   0.13678   1.00000
     -0.02778   0.38490   0.13678   1.00000
     -0.05556   0.38490   0.13678   1.00000
      0.00000   0.43301   0.18238   1.00000
     -0.02778   0.43301   0.18238   1.00000
     -0.05556   0.43301   0.18238   1.00000
     -0.08333   0.43301   0.18238   1.00000
      0.00000   0.48113   0.22797   1.00000
     -0.02778   0.48113   0.22797   1.00000
     -0.05556   0.48113   0.22797   1.00000
     -0.08333   0.48113   0.22797   1.00000
     -0.11111   0.48113   0.22797   1.00000
      0.00000   0.52924   0.27356   1.00000
     -0.02778   0.52924   0.27356   1.00000
     -0.05556   0.52924   0.27356   1.00000
     -0.08333   0.52924   0.27356   1.00000
     -0.11111   0.52924   0.27356   1.00000
     -0.13889   0.52924   0.27356   1.00000
      0.00000   0.57735   0.31916   1.00000
     -0.02778   0.57735   0.31916   1.00000
     -0.05556   0.57735   0.31916   1.00000
     -0.08333   0.57735   0.31916   1.00000
     -0.11111   0.57735   0.31916   1.00000
     -0.13889   0.57735   0.31916   1.00000
     -0.16667   0.57735   0.31916   1.00000
      0.00000   0.24056   0.04559   1.00000
      0.00000   0.28868   0.09119   1.00000
     -0.02778   0.28868   0.09119   1.00000
      0.00000   0.33679   0.13678   1.00000
     -0.02778   0.33679   0.13678   1.00000
     -0.05556   0.33679   0.13678   1.00000
      0.00000   0.38490   0.18238   1.00000
     -0.02778   0.38490   0.18238   1.00000
     -0.05556   0.38490   0.18238   1.00000
     -0.08333   0.38490   0.18238   1.00000
      0.00000   0.43301   0.22797   1.00000
     -0.02778   0.43301   0.22797   1.00000
     -0.05556   0.43301   0.22797   1.00000
     -0.08333   0.43301   0.22797   1.00000
     -0.11111   0.43301   0.22797   1.00000
      0.00000   0.48113   0.27356   1.00000
     -0.02778   0.48113   0.27356   1.00000
     -0.05556   0.48113   0.27356   1.00000
     -0.08333   0.48113   0.27356   1.00000
     -0.11111   0.48113   0.27356   1.00000
     -0.13889   0.48113   0.27356   1.00000
      0.00000   0.52924   0.31916   1.00000
     -0.02778   0.52924   0.31916   1.00000
     -0.05556   0.52924   0.31916   1.00000
     -0.08333   0.52924   0.31916   1.00000
     -0.11111   0.52924   0.31916   1.00000
     -0.13889   0.52924   0.31916   1.00000
     -0.16667   0.52924   0.31916   1.00000
      0.00000   0.57735   0.36475   1.00000
     -0.02778   0.57735   0.36475   1.00000
     -0.05556   0.57735   0.36475   1.00000
     -0.08333   0.57735   0.36475   1.00000
     -0.11111   0.57735   0.36475   1.00000
     -0.13889   0.57735   0.36475   1.00000
     -0.16667   0.57735   0.36475   1.00000
     -0.19444   0.57735   0.36475   1.00000
      0.00000   0.19245   0.04559   1.00000
      0.00000   0.24056   0.09119   1.00000
     -0.02778   0.24056   0.09119   1.00000
      0.00000   0.28868   0.13678   1.00000
     -0.02778   0.28868   0.13678   1.00000
     -0.05556   0.28868   0.13678   1.00000
      0.00000   0.33679   0.18238   1.00000
     -0.02778   0.33679   0.18238   1.00000
     -0.05556   0.33679   0.18238   1.00000
     -0.08333   0.33679   0.18238   1.00000
      0.00000   0.38490   0.22797   1.00000
     -0.02778   0.38490   0.22797   1.00000
     -0.05556   0.38490   0.22797   1.00000
     -0.08333   0.38490   0.22797   1.00000
     -0.11111   0.38490   0.22797   1.00000
      0.00000   0.43301   0.27356   1.00000
     -0.02778   0.43301   0.27356   1.00000
     -0.05556   0.43301   0.27356   1.00000
     -0.08333   0.43301   0.27356   1.00000
     -0.11111   0.43301   0.27356   1.00000
     -0.13889   0.43301   0.27356   1.00000
      0.00000   0.48113   0.31916   1.00000
     -0.02778   0.48113   0.31916   1.00000
     -0.05556   0.48113   0.31916   1.00000
     -0.08333   0.48113   0.31916   1.00000
     -0.11111   0.48113   0.31916   1.00000
     -0.13889   0.48113   0.31916   1.00000
     -0.16667   0.48113   0.31916   1.00000
      0.00000   0.52924   0.36475   1.00000
     -0.02778   0.52924   0.36475   1.00000
     -0.05556   0.52924   0.36475   1.00000
     -0.08333   0.52924   0.36475   1.00000
     -0.11111   0.52924   0.36475   1.00000
     -0.13889   0.52924   0.36475   1.00000
     -0.16667   0.52924   0.36475   1.00000
     -0.19444   0.52924   0.36475   1.00000
      0.00000   0.57735   0.41035   1.00000
     -0.02778   0.57735   0.41035   1.00000
     -0.05556   0.57735   0.41035   1.00000
     -0.08333   0.57735   0.41035   1.00000
     -0.11111   0.57735   0.41035   1.00000
     -0.13889   0.57735   0.41035   1.00000
     -0.16667   0.57735   0.41035   1.00000
     -0.19444   0.57735   0.41035   1.00000
     -0.22222   0.57735   0.41035   1.00000
      0.00000   0.14434   0.04559   1.00000
      0.00000   0.19245   0.09119   1.00000
     -0.02778   0.19245   0.09119   1.00000
      0.00000   0.24056   0.13678   1.00000
     -0.02778   0.24056   0.13678   1.00000
     -0.05556   0.24056   0.13678   1.00000
      0.00000   0.28868   0.18238   1.00000
     -0.02778   0.28868   0.18238   1.00000
     -0.05556   0.28868   0.18238   1.00000
     -0.08333   0.28868   0.18238   1.00000
      0.00000   0.33679   0.22797   1.00000
     -0.02778   0.33679   0.22797   1.00000
     -0.05556   0.33679   0.22797   1.00000
     -0.08333   0.33679   0.22797   1.00000
     -0.11111   0.33679   0.22797   1.00000
      0.00000   0.38490   0.27356   1.00000
     -0.02778   0.38490   0.27356   1.00000
     -0.05556   0.38490   0.27356   1.00000
     -0.08333   0.38490   0.27356   1.00000
     -0.11111   0.38490   0.27356   1.00000
     -0.13889   0.38490   0.27356   1.00000
      0.00000   0.43301   0.31916   1.00000
     -0.02778   0.43301   0.31916   1.00000
     -0.05556   0.43301   0.31916   1.00000
     -0.08333   0.43301   0.31916   1.00000
     -0.11111   0.43301   0.31916   1.00000
     -0.13889   0.43301   0.31916   1.00000
     -0.16667   0.43301   0.31916   1.00000
      0.00000   0.48113   0.36475   1.00000
     -0.02778   0.48113   0.36475   1.00000
     -0.05556   0.48113   0.36475   1.00000
     -0.08333   0.48113   0.36475   1.00000
     -0.11111   0.48113   0.36475   1.00000
     -0.13889   0.48113   0.36475   1.00000
     -0.16667   0.48113   0.36475   1.00000
     -0.19444   0.48113   0.36475   1.00000
      0.00000   0.52924   0.41035   1.00000
     -0.02778   0.52924   0.41035   1.00000
     -0.05556   0.52924   0.41035   1.00000
     -0.08333   0.52924   0.41035   1.00000
     -0.11111   0.52924   0.41035   1.00000
     -0.13889   0.52924   0.41035   1.00000
     -0.16667   0.52924   0.41035   1.00000
     -0.19444   0.52924   0.41035   1.00000
     -0.22222   0.52924   0.41035   1.00000
      0.00000   0.57735   0.45594   1.00000
     -0.02778   0.57735   0.45594   1.00000
     -0.05556   0.57735   0.45594   1.00000
     -0.08333   0.57735   0.45594   1.00000
     -0.11111   0.57735   0.45594   1.00000
     -0.13889   0.57735   0.45594   1.00000
     -0.16667   0.57735   0.45594   1.00000
     -0.19444   0.57735   0.45594   1.00000
     -0.22222   0.57735   0.45594   1.00000
     -0.25000   0.57735   0.45594   1.00000
      0.00000   0.09623   0.04559   1.00000
      0.00000   0.14434   0.09119   1.00000
     -0.02778   0.14434   0.09119   1.00000
      0.00000   0.19245   0.13678   1.00000
     -0.02778   0.19245   0.13678   1.00000
     -0.05556   0.19245   0.13678   1.00000
      0.00000   0.24056   0.18238   1.00000
     -0.02778   0.24056   0.18238   1.00000
     -0.05556   0.24056   0.18238   1.00000
     -0.08333   0.24056   0.18238   1.00000
      0.00000   0.28868   0.22797   1.00000
     -0.02778   0.28868   0.22797   1.00000
     -0.05556   0.28868   0.22797   1.00000
     -0.08333   0.28868   0.22797   1.00000
     -0.11111   0.28868   0.22797   1.00000
      0.00000   0.33679   0.27356   1.00000
     -0.02778   0.33679   0.27356   1.00000
     -0.05556   0.33679   0.27356   1.00000
     -0.08333   0.33679   0.27356   1.00000
     -0.11111   0.33679   0.27356   1.00000
     -0.13889   0.33679   0.27356   1.00000
      0.00000   0.38490   0.31916   1.00000
     -0.02778   0.38490   0.31916   1.00000
     -0.05556   0.38490   0.31916   1.00000
     -0.08333   0.38490   0.31916   1.00000
     -0.11111   0.38490   0.31916   1.00000
     -0.13889   0.38490   0.31916   1.00000
     -0.16667   0.38490   0.31916   1.00000
      0.00000   0.43301   0.36475   1.00000
     -0.02778   0.43301   0.36475   1.00000
     -0.05556   0.43301   0.36475   1.00000
     -0.08333   0.43301   0.36475   1.00000
     -0.11111   0.43301   0.36475   1.00000
     -0.13889   0.43301   0.36475   1.00000
     -0.16667   0.43301   0.36475   1.00000
     -0.19444   0.43301   0.36475   1.00000
      0.00000   0.48113   0.41035   1.00000
     -0.02778   0.48113   0.41035   1.00000
     -0.05556   0.48113   0.41035   1.00000
     -0.08333   0.48113   0.41035   1.00000
     -0.11111   0.48113   0.41035   1.00000
     -0.13889   0.48113   0.41035   1.00000
     -0.16667   0.48113   0.41035   1.00000
     -0.19444   0.48113   0.41035   1.00000
     -0.22222   0.48113   0.41035   1.00000
      0.00000   0.52924   0.45594   1.00000
     -0.02778   0.52924   0.45594   1.00000
     -0.05556   0.52924   0.45594   1.00000
     -0.08333   0.52924   0.45594   1.00000
     -0.11111   0.52924   0.45594   1.00000
     -0.13889   0.52924   0.45594   1.00000
     -0.16667   0.52924   0.45594   1.00000
     -0.19444   0.52924   0.45594   1.00000
     -0.22222   0.52924   0.45594   1.00000
     -0.25000   0.52924   0.45594   1.00000
      0.00000   0.57735   0.50154   1.00000
     -0.02778   0.57735   0.50154   1.00000
     -0.05556   0.57735   0.50154   1.00000
     -0.08333   0.57735   0.50154   1.00000
     -0.11111   0.57735   0.50154   1.00000
     -0.13889   0.57735   0.50154   1.00000
     -0.16667   0.57735   0.50154   1.00000
     -0.19444   0.57735   0.50154   1.00000
     -0.22222   0.57735   0.50154   1.00000
     -0.25000   0.57735   0.50154   1.00000
     -0.27778   0.57735   0.50154   1.00000
