#V15Co_energy_vs_Ef	V15Co_edos	V15Co_edos_elph1000K
-7.78977	0	0.0096876082792059
-7.78476977	0	0.00970934044574983
-7.77976977	0	0.00973117727942004
-7.77476977	0	0.00975312075704451
-7.76976977	0	0.00977517187253364
-7.76476977	0	0.00979733163438147
-7.75976977	0	0.00981960106595564
-7.75476977	0	0.00984198120579436
-7.74976977	0	0.00986447310791094
-7.74476977	0	0.00988707784210584
-7.73976977	0	0.0099097964942865
-7.73476977	0	0.00993263016679546
-7.72976977	0	0.00995557997874651
-7.72476977	0	0.00997864706636956
-7.71976977	0	0.0100018325833643
-7.71476977	0	0.0100251377012629
-7.70976977	0	0.0100485636098022
-7.70476977	0	0.0100721115173053
-7.69976977	0	0.0100957826510736
-7.69476977	0	0.0101195782577882
-7.68976977	0	0.0101434996039229
-7.68476977	0	0.0101675479761675
-7.67976977	0	0.0101917246818624
-7.67476977	0	0.0102160310494449
-7.66976977	0	0.0102404684289075
-7.66476977	0	0.0102650381922685
-7.65976977	0	0.0102897417340552
-7.65476977	0	0.0103145804718007
-7.64976977	0	0.0103395558465534
-7.64476977	0	0.0103646693234018
-7.63976977	0	0.0103899223920127
-7.63476977	0	0.0104153165671845
-7.62976977	0	0.0104408533894167
-7.62476977	0	0.0104665344254942
-7.61976977	0	0.0104923612690892
-7.61476977	0	0.0105183355413794
-7.60976977	0	0.0105444588916841
-7.60476977	0	0.0105707329981181
-7.59976977	0	0.0105971595682656
-7.59476977	0	0.0106237403398715
-7.58976977	0	0.0106504770815551
-7.58476977	0	0.0106773715935429
-7.57976977	0	0.0107044257084239
-7.57476977	0	0.0107316412919266
-7.56976977	0	0.0107590202437196
-7.56476977	0	0.0107865644982357
-7.55976977	0	0.0108142760255204
-7.55476977	0	0.0108421568321073
-7.54976977	0	0.0108702089619181
-7.54476977	0	0.010898434497192
-7.53976977	0	0.0109268355594417
-7.53476977	0	0.0109554143104405
-7.52976977	0	0.0109841729532389
-7.52476977	0	0.0110131137332131
-7.51976977	0	0.0110422389391468
-7.51476977	0	0.0110715509043461
-7.50976977	0	0.0111010520077909
-7.50476977	0	0.0111307446753219
-7.49976977	0	0.0111606313808661
-7.49476977	0	0.0111907146477018
-7.48976977	0	0.0112209970497642
-7.48476977	0	0.011251481212994
-7.47976977	0	0.0112821698167294
-7.47476977	0	0.0113130655951449
-7.46976977	0	0.0113441713387371
-7.46476977	0	0.0113754898958598
-7.45976977	0	0.0114070241743114
-7.45476977	0	0.0114387771429746
-7.44976977	0	0.0114707518335129
-7.44476977	0	0.0115029513421237
-7.43976977	0	0.0115353788313528
-7.43476977	0	0.0115680375319701
-7.42976977	0	0.0116009307449117
-7.42476977	0	0.0116340618432885
-7.41976977	0	0.0116674342744665
-7.41476977	0	0.0117010515622196
-7.40976977	0	0.0117349173089596
-7.40476977	0	0.0117690351980455
-7.39976977	0	0.0118034089961758
-7.39476977	0	0.0118380425558677
-7.38976977	0	0.0118729398180264
-7.38476977	0	0.0119081048146081
-7.37976977	0	0.0119435416713816
-7.37476977	0	0.0119792546107925
-7.36976977	0	0.0120152479549333
-7.36476977	0	0.0120515261286262
-7.35976977	0	0.0120880936626215
-7.35476977	0	0.0121249551969174
-7.34976977	0	0.0121621154842081
-7.34476977	0	0.0121995793934632
-7.33976977	0	0.0122373519136464
-7.33476977	0	0.012275438157579
-7.32976977	0	0.0123138433659553
-7.32476977	0	0.0123525729115163
-7.31976977	0	0.0123916323033891
-7.31476977	0	0.0124310271916
-7.30976977	0	0.0124707633717699
-7.30476977	0	0.0125108467899987
-7.29976977	0	0.0125512835479501
-7.29476977	0	0.0125920799081444
-7.28976977	0	0.01263324229947
-7.28476977	0	0.0126747773229248
-7.27976977	0	0.0127166917575973
-7.27476977	0	0.0127589925668997
-7.26976977	0	0.0128016869050662
-7.26476977	0	0.0128447821239277
-7.25976977	0	0.0128882857799785
-7.25476977	0	0.0129322056417488
-7.24976977	0	0.0129765496974977
-7.24476977	0	0.0130213261632442
-7.23976977	0	0.0130665434911524
-7.23476977	0	0.0131122103782896
-7.22976977	0	0.0131583357757762
-7.22476977	0	0.0132049288983469
-7.21976977	0	0.0132519992343471
-7.21476977	0	0.0132995565561837
-7.20976977	0	0.0133476109312578
-7.20476977	0	0.0133961727334016
-7.19976977	0	0.0134452526548492
-7.19476977	0	0.0134948617187675
-7.18976977	0	0.0135450112923796
-7.18476977	0	0.0135957131007104
-7.17976977	0	0.0136469792409903
-7.17476977	0	0.0136988221977519
-7.16976977	0	0.0137512548586585
-7.16476977	0	0.0138042905311035
-7.15976977	0	0.0138579429596264
-7.15476977	0	0.0139122263441865
-7.14976977	0	0.0139671553593483
-7.14476977	0	0.0140227451744234
-7.13976977	0	0.0140790114746294
-7.13476977	0	0.0141359704833184
-7.12976977	0	0.0141936389853403
-7.12476977	0	0.0142520343516019
-7.11976977	0	0.0143111745648953
-7.11476977	0	0.0143710782470642
-7.10976977	0	0.0144317646875885
-7.10476977	0	0.0144932538736692
-7.09976977	0	0.0145555665218991
-7.09476977	0	0.0146187241116145
-7.08976977	0	0.0146827489200236
-7.08476977	0	0.0147476640592172
-7.07976977	0	0.0148134935151704
-7.07476977	0	0.0148802621888538
-7.06976977	0	0.0149479959395746
-7.06476977	0	0.0150167216306812
-7.05976977	0	0.015086467177766
-7.05476977	0	0.0151572615995141
-7.04976977	0	0.0152291350713483
-7.04476977	0	0.0153021189820347
-7.03976977	0	0.0153762459934144
-7.03476977	0	0.0154515501034428
-7.02976977	0	0.0155280667127183
-7.02476977	0	0.0156058326946972
-7.01976977	0	0.015684886469796
-7.01476977	0	0.0157652680835888
-7.00976977	0	0.0158470192893193
-7.00476977	0	0.0159301836349464
-6.99976977	0	0.0160148065549541
-6.99476977	0	0.0161009354671539
-6.98976977	0	0.0161886198747139
-6.98476977	0	0.016277911473646
-6.97976977	0	0.0163688642659774
-6.97476977	0	0.0164615346788275
-6.96976977	0	0.0165559816895971
-6.96476977	0	0.0166522669574563
-6.95976977	0	0.0167504549612964
-6.95476977	0	0.0168506131442726
-6.94976977	0	0.0169528120650208
-6.94476977	0	0.0170571255555766
-6.93976977	0	0.0171636308859469
-6.93476977	0	0.0172724089352018
-6.92976977	0	0.0173835443688355
-6.92476977	0	0.0174971258220131
-6.91976977	0	0.0176132460881528
-6.91476977	0	0.017732002312091
-6.90976977	0	0.0178534961868387
-6.90476977	0	0.0179778341526472
-6.89976977	0	0.0181051275967609
-6.89476977	0	0.0182354930518273
-6.88976977	0	0.0183690523904632
-6.88476977	0	0.0185059330129143
-6.87976977	0	0.0186462680241056
-6.87476977	0	0.0187901963956296
-6.86976977	0	0.0189378631073677
-6.86476977	0	0.0190894192624685
-6.85976977	0	0.019245022168312
-6.85476977	0	0.0194048353748689
-6.84976977	0	0.0195690286605238
-6.84476977	0	0.0197377779539745
-6.83976977	0	0.0199112651792706
-6.83476977	0	0.0200896780094518
-6.82976977	0	0.0202732095126249
-6.82476977	0	0.0204620576727683
-6.81976977	0	0.0206564247661607
-6.81476977	0	0.0208565165732263
-6.80976977	0	0.0210625414049427
-6.80476977	0	0.0212747089229615
-6.79976977	0	0.0214932287334886
-6.79476977	0	0.0217183087370312
-6.78976977	0	0.0219501532196315
-6.78476977	0	0.0221889606764732
-6.77976977	0	0.0224349213660371
-6.77476977	0	0.0226882146025159
-6.76976977	0	0.0229490058060558
-6.76476977	0	0.0232174433445372
-6.75976977	0	0.023493655216696
-6.75476977	0	0.0237777456438591
-6.74976977	0	0.0240697916554758
-6.74476977	0	0.024369839770708
-6.73976977	0	0.0246779028930168
-6.73476977	0	0.0249939575451652
-6.72976977	0	0.0253179415765205
-6.72476977	0	0.0256497524713421
-6.71976977	0	0.0259892463746892
-6.71476977	0	0.0263362379312013
-6.70976977	0	0.0266905010017595
-6.70476977	0	0.0270517702854252
-6.69976977	0.00330125	0.0274281261230111
-6.69476977	0.00601125	0.0278093497074634
-6.68976977	0.0079	0.028194492549504
-6.68476977	0.00915	0.0285836289828279
-6.67976977	0.0100875	0.0289771788691667
-6.67476977	0.011325	0.0293762747679613
-6.66976977	0.01280625	0.0297803424795499
-6.66476977	0.0135625	0.0301864874308802
-6.65976977	0.01421875	0.0305958633899696
-6.65476977	0.0147625	0.0310080116672347
-6.64976977	0.0155625	0.0314234519756485
-6.64476977	0.0164375	0.0318413214235622
-6.63976977	0.01735	0.0322611389814608
-6.63476977	0.0182625	0.0326824428168737
-6.62976977	0.0187125	0.0331037129047756
-6.62476977	0.01919375	0.0335258793779818
-6.61976977	0.0196875	0.0339485938617212
-6.61476977	0.020275	0.0343717849210109
-6.60976977	0.02088125	0.0347950072627665
-6.60476977	0.02149375	0.0352179967094402
-6.59976977	0.02209375	0.0356404949230902
-6.59476977	0.02276875	0.0360625341536026
-6.58976977	0.02348125	0.036483849021782
-6.58476977	0.02390625	0.0369034627725451
-6.57976977	0.02431875	0.0373219395549418
-6.57476977	0.02471875	0.0377391614680375
-6.56976977	0.02516875	0.038155184300429
-6.56476977	0.02563125	0.0385698237301094
-6.55976977	0.02610625	0.0389830033018554
-6.55476977	0.02658125	0.0393946263695059
-6.54976977	0.0271	0.0398047496183303
-6.54476977	0.0276375	0.0402132646948429
-6.53976977	0.0281875	0.0406201194659239
-6.53476977	0.02875	0.0410252854298833
-6.52976977	0.0291375	0.0414282649737315
-6.52476977	0.0294875	0.041829391948975
-6.51976977	0.02981875	0.0422287042653942
-6.51476977	0.03020625	0.0426263876244761
-6.50976977	0.0306125	0.0430223464809123
-6.50476977	0.0310125	0.0434165209232547
-6.49976977	0.0314125	0.0438089338211269
-6.49476977	0.03183125	0.0441996428017618
-6.48976977	0.0322625	0.0445886446618446
-6.48476977	0.03270625	0.0449759543849735
-6.47976977	0.03314375	0.0453615413699643
-6.47476977	0.03359375	0.0457454719954014
-6.46976977	0.03405	0.0461277506903513
-6.46476977	0.03443125	0.0465081927669262
-6.45976977	0.03478125	0.0468869320531017
-6.45476977	0.03509375	0.0472639763684779
-6.44976977	0.0354375	0.047639524751286
-6.44476977	0.0357875	0.0480135388294124
-6.43976977	0.0361375	0.048386028333431
-6.43476977	0.03648125	0.048757003363011
-6.42976977	0.03683125	0.0491265218857368
-6.42476977	0.03719375	0.0494946261656351
-6.41976977	0.03756875	0.049861342687103
-6.41476977	0.03795	0.0502266820958691
-6.40976977	0.0383375	0.0505906708947014
-6.40476977	0.03873125	0.0509533355436433
-6.39976977	0.039125	0.0513146865698999
-6.39476977	0.03953125	0.0516747820310021
-6.38976977	0.03994375	0.0520336322839479
-6.38476977	0.04024375	0.0523909619260969
-6.37976977	0.04054375	0.0527470825986896
-6.37476977	0.0408375	0.053102004264547
-6.36976977	0.04114375	0.0534558001725957
-6.36476977	0.04145625	0.0538084798611086
-6.35976977	0.041775	0.0541600684620605
-6.35476977	0.0420875	0.054510559049711
-6.34976977	0.04241875	0.0548600395585046
-6.34476977	0.04275625	0.055208502318145
-6.33976977	0.0431	0.0555559709903786
-6.33476977	0.04345	0.0559024688230456
-6.32976977	0.04379375	0.0562479869171949
-6.32476977	0.0441375	0.0565925635929699
-6.31976977	0.0444875	0.0569362368087112
-6.31476977	0.04484375	0.0572790283251718
-6.30976977	0.04520625	0.0576209596106678
-6.30476977	0.04556875	0.0579620360046588
-6.29976977	0.0458875	0.0583021673966826
-6.29476977	0.04618125	0.058641422155989
-6.28976977	0.04645625	0.0589798367023937
-6.28476977	0.04675	0.0593175265861944
-6.27976977	0.04704375	0.0596544642964382
-6.27476977	0.04734375	0.0599906855377836
-6.26976977	0.0476375	0.0603261781109566
-6.26476977	0.04794375	0.0606610088348722
-6.25976977	0.04825625	0.060995180689563
-6.25476977	0.04856875	0.0613286962703976
-6.24976977	0.04888125	0.0616615736445485
-6.24476977	0.04919375	0.0619938304818542
-6.23976977	0.0495	0.0623254682004523
-6.23476977	0.04981875	0.0626565513442746
-6.22976977	0.05014375	0.062987080669526
-6.22476977	0.05048125	0.0633170884148187
-6.21976977	0.05081875	0.0636465590124627
-6.21476977	0.05115625	0.063975508496623
-6.20976977	0.0515	0.0643039686908177
-6.20476977	0.05184375	0.0646319396482965
-6.19976977	0.0521125	0.064959246863243
-6.19476977	0.05238125	0.0652860967270352
-6.18976977	0.05265625	0.0656125211005064
-6.18476977	0.0529375	0.0659385359995107
-6.17976977	0.05321875	0.066264141570666
-6.17476977	0.0535	0.066589353794728
-6.16976977	0.053775	0.066914172704359
-6.16476977	0.0540625	0.0672386616858881
-6.15976977	0.0543625	0.0675628363486574
-6.15476977	0.0546625	0.0678866803573803
-6.14976977	0.0549625	0.0682102088837658
-6.14476977	0.05525625	0.0685334209849535
-6.13976977	0.0555625	0.0688563789535813
-6.13476977	0.05586875	0.0691790655099326
-6.12976977	0.05618125	0.0695015107909001
-6.12476977	0.05649375	0.0698237130472541
-6.11976977	0.05680625	0.0701456863062506
-6.11476977	0.057125	0.0704674604305665
-6.10976977	0.0574375	0.0707890176995836
-6.10476977	0.05775625	0.0711104039516938
-6.09976977	0.058075	0.0714316175450481
-6.09476977	0.05834375	0.0717525459155959
-6.08976977	0.0586125	0.0720733305990121
-6.08476977	0.058875	0.0723939704997199
-6.07976977	0.05915625	0.0727145440570057
-6.07476977	0.0594375	0.0730350187892005
-6.06976977	0.05971875	0.0733554099560101
-6.06476977	0.06	0.0736757329079996
-6.05976977	0.0602875	0.0739960189089102
-6.05476977	0.060575	0.0743162674781958
-6.04976977	0.0608625	0.0746364939529144
-6.04476977	0.06115	0.0749567135769788
-6.03976977	0.06144375	0.0752769573379594
-6.03476977	0.06173125	0.0755972084669304
-6.02976977	0.062025	0.0759175135155106
-6.02476977	0.06231875	0.0762378712722505
-6.01976977	0.062625	0.0765583279957627
-6.01476977	0.0629375	0.0768788822250467
-6.00976977	0.0631875	0.077199373730136
-6.00476977	0.0635	0.0775201342081059
-5.99976977	0.0638125	0.0778410192903063
-5.99476977	0.064125	0.0781620433742629
-5.98976977	0.0644375	0.0784832209760953
-5.98476977	0.06475	0.0788045667725202
-5.97976977	0.0650625	0.0791260956339667
-5.97476977	0.0653125	0.0794476639509039
-5.96976977	0.065625	0.0797696044240738
-5.96476977	0.065875	0.0800916151912559
-5.95976977	0.0661875	0.0804140293712761
-5.95476977	0.0664375	0.0807365454687018
-5.94976977	0.06675	0.0810594968942347
-5.94476977	0.067	0.0813825823504445
-5.93976977	0.0673125	0.0817061353390952
-5.93476977	0.0675625	0.0820298545404691
-5.92976977	0.067875	0.0823540733211617
-5.92476977	0.0681875	0.0826786488158266
-5.91976977	0.0684375	0.0830034379706342
-5.91476977	0.06875	0.083328773596165
-5.90976977	0.0690625	0.0836545121719699
-5.90476977	0.069375	0.0839806686154519
-5.89976977	0.0696875	0.0843072575828749
-5.89476977	0.07	0.0846342934729501
-5.88976977	0.0703125	0.0849617904347902
-5.88476977	0.070625	0.0852897623768252
-5.87976977	0.0709375	0.0856182229728602
-5.87476977	0.07125	0.0859471856612552
-5.86976977	0.0715625	0.0862766636332394
-5.86476977	0.071875	0.086606669806542
-5.85976977	0.0721875	0.086937216780859
-5.85476977	0.0724375	0.0872681580766607
-5.84976977	0.07275	0.0875998228271197
-5.84476977	0.0730625	0.0879320634897734
-5.83976977	0.073375	0.088264890484126
-5.83476977	0.0736875	0.0885983133223607
-5.82976977	0.074	0.088932340404031
-5.82476977	0.0743125	0.0892669787777771
-5.81976977	0.074625	0.0896022338685148
-5.81476977	0.0749375	0.0899381091684765
-5.80976977	0.07525	0.0902746058904473
-5.80476977	0.0755625	0.0906117225815328
-5.79976977	0.075875	0.0909494546959028
-5.79476977	0.0761875	0.0912877941251525
-5.78976977	0.0765625	0.0916268873807061
-5.78476977	0.076875	0.0919664002553417
-5.77976977	0.0771875	0.0923064693951384
-5.77476977	0.0775	0.0926470668746782
-5.76976977	0.077875	0.0929883169038735
-5.76476977	0.0781875	0.0933298603242958
-5.75976977	0.0785	0.093671806025187
-5.75476977	0.078875	0.0940142540708777
-5.74976977	0.0791875	0.0943568188034855
-5.74476977	0.0795	0.0946995801854038
-5.73976977	0.079875	0.0950426068707208
-5.73476977	0.08025	0.0953856379668439
-5.72976977	0.0806875	0.0957287169716298
-5.72476977	0.0811875	0.0960717148555291
-5.71976977	0.081625	0.0964141705596259
-5.71476977	0.0820625	0.0967560837068304
-5.70976977	0.0825	0.0970972791154463
-5.70476977	0.083	0.0974377235725846
-5.69976977	0.0834375	0.0977768905562106
-5.69476977	0.083875	0.0981147120743013
-5.68976977	0.084375	0.0984511024590325
-5.68476977	0.0848125	0.0987854824336686
-5.67976977	0.0853125	0.0991178904720159
-5.67476977	0.08575	0.0994477141351049
-5.66976977	0.08625	0.0997749610122783
-5.66476977	0.0866875	0.100098991077327
-5.65976977	0.0871875	0.100419788763606
-5.65476977	0.087625	0.100736696535713
-5.64976977	0.088125	0.101049688213651
-5.64476977	0.088625	0.10135826246046
-5.63976977	0.0890625	0.101661923748508
-5.63476977	0.0895625	0.101960663740302
-5.62976977	0.0900625	0.102254014677483
-5.62476977	0.097375	0.102558987611416
-5.61976977	0.10025	0.102846758473722
-5.61476977	0.09825	0.10311599057477
-5.60976977	0.0979375	0.103383158887011
-5.60476977	0.0981875	0.103645260634239
-5.59976977	0.0985625	0.10390108365268
-5.59476977	0.0971875	0.104145812994926
-5.58976977	0.096625	0.104385949572892
-5.58476977	0.0965	0.104620584407726
-5.57976977	0.0964375	0.104848856708729
-5.57476977	0.0963125	0.10507058722907
-5.56976977	0.095625	0.105284689186696
-5.56476977	0.095125	0.105493291660203
-5.55976977	0.0946875	0.105696340846708
-5.55476977	0.0944375	0.105894453210527
-5.54976977	0.0941875	0.106087483717636
-5.54476977	0.0939375	0.106275791869398
-5.53976977	0.09375	0.106459920854898
-5.53476977	0.0935625	0.106640118154287
-5.52976977	0.092875	0.106815538949936
-5.52476977	0.092375	0.106988369325939
-5.51976977	0.0920625	0.107159062769521
-5.51476977	0.09175	0.107327607341239
-5.50976977	0.0915	0.107494634378754
-5.50476977	0.0911875	0.107660305669326
-5.49976977	0.0909375	0.107825422529977
-5.49476977	0.0906875	0.107990313285695
-5.48976977	0.0904375	0.108155466488732
-5.48476977	0.0898125	0.108320418535605
-5.47976977	0.089375	0.108487084757361
-5.47476977	0.0890625	0.108655790477889
-5.46976977	0.08875	0.1088266976294
-5.46476977	0.088375	0.109000120372483
-5.45976977	0.0880625	0.109176840551782
-5.45476977	0.0878125	0.109357312088233
-5.44976977	0.0875	0.109541658628964
-5.44476977	0.0871875	0.109730464440855
-5.43976977	0.0869375	0.109924295505516
-5.43476977	0.086625	0.11012322039187
-5.42976977	0.0860625	0.110327124413552
-5.42476977	0.0856875	0.110537451902403
-5.41976977	0.085375	0.110754187547606
-5.41476977	0.0850625	0.110977439921011
-5.40976977	0.08475	0.111207438178914
-5.40476977	0.084375	0.111444211631206
-5.39976977	0.0840625	0.111688221879951
-5.39476977	0.0838125	0.111939567238759
-5.38976977	0.0835	0.112197981305673
-5.38476977	0.0831875	0.112463625810472
-5.37976977	0.082875	0.112736456094696
-5.37476977	0.0825625	0.113016381017125
-5.36976977	0.082125	0.113302947733523
-5.36476977	0.0816875	0.113596296962503
-5.35976977	0.09075	0.1139203364436
-5.35476977	0.0913125	0.11422911527676
-5.34976977	0.0916875	0.114543465828741
-5.34476977	0.0921875	0.114863885449074
-5.33976977	0.093375	0.115191489886247
-5.33476977	0.0935	0.115521512323715
-5.32976977	0.0936875	0.115856480387744
-5.32476977	0.094	0.11619622321244
-5.31976977	0.0946875	0.116541049692719
-5.31476977	0.0954375	0.1168898478763
-5.30976977	0.0961875	0.117242151096088
-5.30476977	0.0961875	0.117595759986046
-5.29976977	0.096375	0.117952774738816
-5.29476977	0.09675	0.118312931169307
-5.28976977	0.09725	0.118675823228494
-5.28476977	0.09775	0.119040903365685
-5.27976977	0.09825	0.119407958639402
-5.27476977	0.098875	0.119777110478986
-5.26976977	0.09925	0.12014722729607
-5.26476977	0.0995625	0.12051862173317
-5.25976977	0.099875	0.120891304348154
-5.25476977	0.1003125	0.121265458976924
-5.24976977	0.1008125	0.121640807195751
-5.24476977	0.1013125	0.122017083635252
-5.23976977	0.10175	0.122394035201147
-5.23476977	0.10225	0.122771896378491
-5.22976977	0.1026875	0.123150277580116
-5.22476977	0.1030625	0.123529116533331
-5.21976977	0.1031875	0.123907884014753
-5.21476977	0.103375	0.124287328709957
-5.20976977	0.1036875	0.124667572079368
-5.20476977	0.104	0.125048266269132
-5.19976977	0.104375	0.12542954550947
-5.19476977	0.1046875	0.125811073185479
-5.18976977	0.1050625	0.12619315197323
-5.18476977	0.1054375	0.126575612272854
-5.17976977	0.1058125	0.126958446331218
-5.17476977	0.1061875	0.127341648934295
-5.16976977	0.106625	0.127725375542705
-5.16476977	0.10675	0.128108672225428
-5.15976977	0.107	0.128492649124922
-5.15476977	0.1073125	0.128877147472283
-5.14976977	0.1076875	0.12926216752659
-5.14476977	0.108	0.129647392229879
-5.13976977	0.1084375	0.130033297873476
-5.13476977	0.1088125	0.130419408299262
-5.12976977	0.1091875	0.130805881750053
-5.12476977	0.109625	0.13119287602166
-5.11976977	0.11	0.131580072338557
-5.11476977	0.110375	0.131967627506727
-5.10976977	0.1108125	0.132355697816861
-5.10476977	0.1110625	0.132743645557028
-5.09976977	0.111375	0.133132102035626
-5.09476977	0.1116875	0.133520904511123
-5.08976977	0.1120625	0.133910207013754
-5.08476977	0.112375	0.134299686804577
-5.07976977	0.1126875	0.134689496466437
-5.07476977	0.113	0.13507962902485
-5.06976977	0.1133125	0.135470076532363
-5.06476977	0.113625	0.135860829946755
-5.05976977	0.114	0.136252037696623
-5.05476977	0.114375	0.136643529459623
-5.04976977	0.1148125	0.13703545080462
-5.04476977	0.1151875	0.137427469572441
-5.03976977	0.1155625	0.137819727904387
-5.03476977	0.116	0.138212366011292
-5.02976977	0.1161875	0.138604569857074
-5.02476977	0.1165	0.138997268839644
-5.01976977	0.116875	0.139390279138965
-5.01476977	0.1171875	0.139783255766013
-5.00976977	0.1175	0.140176327238054
-5.00476977	0.117875	0.140569619410257
-4.99976977	0.11825	0.140962938034802
-4.99476977	0.1185625	0.141356086141929
-4.98976977	0.1189375	0.141749340164965
-4.98476977	0.11925	0.142142339167668
-4.97976977	0.119625	0.142535354566327
-4.97476977	0.1200625	0.142928338186324
-4.96976977	0.1205	0.143321081262627
-4.96476977	0.1209375	0.143713532217339
-4.95976977	0.121375	0.144105638438225
-4.95476977	0.12175	0.144497188150351
-4.94976977	0.122125	0.144888287169079
-4.94476977	0.1224375	0.145278724892316
-4.93976977	0.1228125	0.145668768666514
-4.93476977	0.1231875	0.14605821262631
-4.92976977	0.1235	0.14644685492301
-4.92476977	0.123875	0.146834975088048
-4.91976977	0.1241875	0.14722222457808
-4.91476977	0.1245625	0.147608897881832
-4.90976977	0.124875	0.147994664618292
-4.90476977	0.1251875	0.148379682161831
-4.89976977	0.1255	0.148763962681281
-4.89476977	0.1265625	0.149149438021214
-4.88976977	0.1271875	0.149533137607164
-4.88476977	0.1275	0.149915442318918
-4.87976977	0.127875	0.150297388215871
-4.87476977	0.128125	0.150678604806562
-4.86976977	0.1283125	0.15105937908897
-4.86476977	0.1284375	0.151439862695868
-4.85976977	0.1285625	0.151820389471667
-4.85476977	0.12875	0.152201316481388
-4.84976977	0.1288125	0.152582388423684
-4.84476977	0.1306875	0.152968766733572
-4.83976977	0.12975	0.153348969094987
-4.83476977	0.127625	0.153727399707531
-4.82976977	0.127375	0.154112127040404
-4.82476977	0.127125	0.154498693869841
-4.81976977	0.1269375	0.154887570502044
-4.81476977	0.126375	0.155277962238242
-4.80976977	0.1264375	0.155672725477067
-4.80476977	0.1265	0.156070588240045
-4.79976977	0.1265625	0.156471859949705
-4.79476977	0.126625	0.156876841434966
-4.78976977	0.1265	0.157285346075941
-4.78476977	0.1266875	0.15769891907872
-4.77976977	0.126875	0.158117026649874
-4.77476977	0.1271875	0.158540228093185
-4.76976977	0.1274375	0.158968269960822
-4.76476977	0.12775	0.159401671781259
-4.75976977	0.128	0.159840296812845
-4.75476977	0.1283125	0.160284620812208
-4.74976977	0.1285	0.160734303125116
-4.74476977	0.128875	0.161190249172198
-4.73976977	0.12925	0.161652070817656
-4.73476977	0.129625	0.162119831522144
-4.72976977	0.13	0.162593569732338
-4.72476977	0.130375	0.163073298300343
-4.71976977	0.1308125	0.163559162520875
-4.71476977	0.13125	0.164050963295922
-4.70976977	0.131625	0.16454847368031
-4.70476977	0.132	0.165051755334053
-4.69976977	0.1325	0.165560998806258
-4.69476977	0.133	0.166075728974422
-4.68976977	0.1335625	0.166595914793411
-4.68476977	0.1341875	0.167121333396545
-4.67976977	0.134875	0.167651727721782
-4.67476977	0.1355625	0.168186646852308
-4.66976977	0.13625	0.168725762617107
-4.66476977	0.1369375	0.169268710359759
-4.65976977	0.1376875	0.169815247445413
-4.65476977	0.138375	0.17036461874252
-4.64976977	0.139125	0.170916668319763
-4.64476977	0.1399375	0.171470888788388
-4.63976977	0.1408125	0.172026741014128
-4.63476977	0.141625	0.172583339968002
-4.62976977	0.1425	0.173140411159694
-4.62476977	0.143375	0.173697185123231
-4.61976977	0.14425	0.174253038681693
-4.61476977	0.145125	0.174807343854715
-4.60976977	0.1475625	0.175363443901072
-4.60476977	0.149625	0.175915808575592
-4.59976977	0.1515	0.176464327037614
-4.59476977	0.1531875	0.177008446927857
-4.58976977	0.1549375	0.177548296223969
-4.58476977	0.1585625	0.178088026668744
-4.57976977	0.1626875	0.178623763215419
-4.57476977	0.164625	0.179148374291849
-4.56976977	0.1650625	0.179663382118927
-4.56476977	0.1650625	0.180171351951858
-4.55976977	0.16475	0.18067256431169
-4.55476977	0.163625	0.181165811339146
-4.54976977	0.16175	0.181651412830543
-4.54476977	0.1605	0.182133119333707
-4.53976977	0.1596875	0.182610808890403
-4.53476977	0.1589375	0.183083973159832
-4.52976977	0.1581875	0.183552980061701
-4.52476977	0.159875	0.184024619649069
-4.51976977	0.159625	0.184488448704252
-4.51476977	0.1581875	0.184947090693439
-4.50976977	0.1564375	0.185403528440402
-4.50476977	0.15475	0.185859504917133
-4.49976977	0.1553125	0.186321382428722
-4.49476977	0.1535625	0.186778388785022
-4.48976977	0.15075	0.187234502788586
-4.48476977	0.1495	0.187697175118866
-4.47976977	0.1483125	0.188163352210331
-4.47476977	0.14725	0.188633907673263
-4.46976977	0.14575	0.189108079375336
-4.46476977	0.14475	0.189588857963027
-4.45976977	0.1438125	0.190075681328717
-4.45476977	0.1469375	0.19057918937922
-4.44976977	0.1515625	0.191093291377513
-4.44476977	0.1508125	0.191600878284862
-4.43976977	0.1496875	0.192114925632779
-4.43476977	0.15	0.192640249978605
-4.42976977	0.151125	0.193175416386352
-4.42476977	0.15175	0.193717185901052
-4.41976977	0.1529375	0.194268296267985
-4.41476977	0.1545625	0.194828421361981
-4.40976977	0.1563125	0.195396715605479
-4.40476977	0.15825	0.195973247570638
-4.39976977	0.156	0.196546785688556
-4.39476977	0.155625	0.197132572818706
-4.38976977	0.1565625	0.19772900719985
-4.38476977	0.157625	0.198332881698683
-4.37976977	0.1588125	0.198943990139895
-4.37476977	0.160125	0.199562115928683
-4.36976977	0.160125	0.200183385571616
-4.36476977	0.16	0.200810587084072
-4.35976977	0.163	0.201451744636234
-4.35476977	0.1628125	0.202090603812376
-4.34976977	0.1613125	0.202731703406033
-4.34476977	0.1646875	0.203390538285585
-4.33976977	0.1660625	0.204049443716596
-4.33476977	0.166125	0.204709966141315
-4.32976977	0.1681875	0.205380327177066
-4.32476977	0.170375	0.206055587270273
-4.31976977	0.1689375	0.206726056798444
-4.31476977	0.1681875	0.207402528591463
-4.30976977	0.1681875	0.208085014654242
-4.30476977	0.1684375	0.208772108756897
-4.29976977	0.1688125	0.209463366356833
-4.29476977	0.1690625	0.210158034544386
-4.28976977	0.1696875	0.210857273385007
-4.28476977	0.17	0.211559236127255
-4.27976977	0.170375	0.212264782198018
-4.27476977	0.170875	0.212973986064215
-4.26976977	0.172375	0.21368899408498
-4.26476977	0.176	0.214412596708595
-4.25976977	0.1811875	0.215143309418038
-4.25476977	0.178875	0.215858075400044
-4.24976977	0.177375	0.216577965798293
-4.24476977	0.17775	0.217305653898471
-4.23976977	0.178	0.21803604767717
-4.23476977	0.177625	0.218767874294548
-4.22976977	0.178	0.219504631789478
-4.22476977	0.1784375	0.220244590640934
-4.21976977	0.179	0.22098793436292
-4.21476977	0.17925	0.221733584924739
-4.20976977	0.1795625	0.222482534814424
-4.20476977	0.1799375	0.223234831519012
-4.19976977	0.180375	0.223990529712663
-4.19476977	0.180875	0.224749691664521
-4.18976977	0.181375	0.225512229387541
-4.18476977	0.182625	0.22628012767067
-4.17976977	0.1855625	0.227055858860332
-4.17476977	0.1855	0.227827626321623
-4.16976977	0.184875	0.228601740769227
-4.16476977	0.1856875	0.229383420839671
-4.15976977	0.1861875	0.230168385100234
-4.15476977	0.1866875	0.230957613626507
-4.14976977	0.1885625	0.231754811704811
-4.14476977	0.191	0.232558160308725
-4.13976977	0.190125	0.233358096697372
-4.13476977	0.1896875	0.234164453253922
-4.12976977	0.1890625	0.234975989382746
-4.12476977	0.1893125	0.23579578578304
-4.11976977	0.1899375	0.236622992434285
-4.11476977	0.191625	0.237459810606023
-4.10976977	0.1926875	0.238302445850183
-4.10476977	0.1911875	0.239146501466605
-4.09976977	0.19	0.239999829838423
-4.09476977	0.189125	0.240863009110605
-4.08976977	0.1885	0.241736479953313
-4.08476977	0.2046875	0.242662912043849
-4.07976977	0.1896875	0.24352105299213
-4.07476977	0.1873125	0.244422778105977
-4.06976977	0.1865	0.245340625887546
-4.06476977	0.18675	0.246273945688875
-4.05976977	0.1868125	0.247220167539283
-4.05476977	0.1873125	0.248181461359608
-4.04976977	0.1878125	0.249157272753949
-4.04476977	0.1884375	0.250148444161703
-4.03976977	0.1895	0.251156258440159
-4.03476977	0.1938125	0.252188307078962
-4.02976977	0.1908125	0.253218178783898
-4.02476977	0.19275	0.254277342033186
-4.01976977	0.193625	0.255350880740452
-4.01476977	0.1938125	0.256440019329175
-4.00976977	0.1945625	0.257548157048935
-4.00476977	0.1951875	0.258673726502833
-3.99976977	0.196125	0.259817969728888
-3.99476977	0.197125	0.260980336105028
-3.98976977	0.1981875	0.262160862805552
-3.98476977	0.1993125	0.263359539900818
-3.97976977	0.202875	0.264582340443298
-3.97476977	0.204875	0.265819002501276
-3.96976977	0.2069375	0.267073497784008
-3.96476977	0.206875	0.268340067485427
-3.95976977	0.2065	0.269623057877156
-3.95476977	0.2064375	0.27092374719523
-3.94976977	0.2075	0.272243835651231
-3.94476977	0.208875	0.273580842292841
-3.93976977	0.2101875	0.274933341533283
-3.93476977	0.2115	0.276300963539622
-3.92976977	0.2128125	0.277683126116247
-3.92476977	0.21425	0.279079513525051
-3.91976977	0.216125	0.280490239388277
-3.91476977	0.2184375	0.281914582930862
-3.90976977	0.221	0.283351313821853
-3.90476977	0.2238125	0.284799653399404
-3.89976977	0.227	0.286259126490499
-3.89476977	0.2295625	0.287726399244711
-3.88976977	0.2354375	0.289210685232291
-3.88476977	0.2400625	0.290699639076035
-3.87976977	0.2435625	0.292192854372153
-3.87476977	0.2461875	0.293690291675698
-3.86976977	0.2483125	0.295192290326054
-3.86476977	0.2519375	0.296703387583235
-3.85976977	0.254625	0.298216933847153
-3.85476977	0.2568125	0.299733666614858
-3.84976977	0.258	0.301252034377285
-3.84476977	0.258	0.302771372488853
-3.83976977	0.2569375	0.304291902822477
-3.83476977	0.2558125	0.305816159546996
-3.82976977	0.2559375	0.307347556529178
-3.82476977	0.255625	0.308881970644683
-3.81976977	0.255125	0.310420271814644
-3.81476977	0.2545625	0.311963078542918
-3.80976977	0.2545	0.313512178500017
-3.80476977	0.255875	0.315070362415287
-3.79976977	0.2579375	0.316636180345849
-3.79476977	0.2596875	0.318207585811224
-3.78976977	0.2605	0.319783518016731
-3.78476977	0.2609375	0.32136596140615
-3.77976977	0.262625	0.322959626049058
-3.77476977	0.2648125	0.324563218375426
-3.76976977	0.265375	0.326171980352245
-3.76476977	0.2683125	0.327796733854917
-3.75976977	0.269875	0.329428651841569
-3.75476977	0.2693125	0.331066555882604
-3.74976977	0.26875	0.332716600775248
-3.74476977	0.27	0.334384182895725
-3.73976977	0.2751875	0.33607552853147
-3.73476977	0.2754375	0.337768970733146
-3.72976977	0.278375	0.339484775187049
-3.72476977	0.278375	0.341209600152052
-3.71976977	0.27575	0.342945213905946
-3.71476977	0.277125	0.344709443888876
-3.70976977	0.276125	0.346487135875827
-3.70476977	0.2734375	0.348281090454847
-3.69976977	0.271625	0.350098885911429
-3.69476977	0.2720625	0.35194509627878
-3.68976977	0.2741875	0.353819380813571
-3.68476977	0.2813125	0.355731236345029
-3.67976977	0.278125	0.35764286059453
-3.67476977	0.2780625	0.359589437053623
-3.66976977	0.2783125	0.361564868211996
-3.66476977	0.2788125	0.363570013088657
-3.65976977	0.281375	0.365610459858263
-3.65476977	0.281875	0.367676683553381
-3.64976977	0.283625	0.369778001828846
-3.64476977	0.2919375	0.371928763819623
-3.63976977	0.2923125	0.374092961359017
-3.63476977	0.2893125	0.376282934201335
-3.62976977	0.291375	0.37852080474418
-3.62476977	0.291125	0.38078848801431
-3.61976977	0.278	0.383059748832933
-3.61476977	0.2815	0.385410021683511
-3.60976977	0.284625	0.387796622405143
-3.60476977	0.2894375	0.390225226821672
-3.59976977	0.295125	0.392694178093357
-3.59476977	0.302625	0.395206241715951
-3.58976977	0.31	0.397756875319273
-3.58476977	0.3148125	0.4003402735132
-3.57976977	0.318375	0.40296017404644
-3.57476977	0.3235	0.40562415927093
-3.56976977	0.3288125	0.408329228107668
-3.56476977	0.333125	0.411072915848857
-3.55976977	0.3318125	0.413844098020956
-3.55476977	0.333875	0.416666318830514
-3.54976977	0.335375	0.419530346134476
-3.54476977	0.335875	0.422435904514726
-3.53976977	0.3618125	0.425451019208218
-3.53476977	0.3353125	0.428378902229356
-3.52976977	0.333875	0.431417316040291
-3.52476977	0.3320625	0.434502666925492
-3.51976977	0.3315625	0.437640229850242
-3.51476977	0.3345625	0.440836523284136
-3.50976977	0.3293125	0.444062630204902
-3.50476977	0.3345	0.447366853306466
-3.49976977	0.3373125	0.450717432350664
-3.49476977	0.3418125	0.454125363040245
-3.48976977	0.34125	0.457574088625872
-3.48476977	0.3456875	0.46108964267821
-3.47976977	0.34975	0.464658767789545
-3.47476977	0.3546875	0.468284946794212
-3.46976977	0.3593125	0.471965409619859
-3.46476977	0.3653125	0.475704645408282
-3.45976977	0.3735625	0.47950506686626
-3.45476977	0.3788125	0.483353551643731
-3.44976977	0.3946875	0.48728495258765
-3.44476977	0.4131875	0.491279295143554
-3.43976977	0.4195625	0.495299577090913
-3.43476977	0.4438125	0.499422560301737
-3.42976977	0.456625	0.503574564606904
-3.42476977	0.4599375	0.507761432847593
-3.41976977	0.423125	0.511906510979005
-3.41476977	0.417625	0.516192478178027
-3.40976977	0.418125	0.520556528763048
-3.40476977	0.4303125	0.525014729474041
-3.39976977	0.434	0.529517582668867
-3.39476977	0.4375625	0.534088218656227
-3.38976977	0.4331875	0.538708731582629
-3.38476977	0.433625	0.543413447858241
-3.37976977	0.43775	0.548201434762497
-3.37476977	0.4435	0.553069294882165
-3.36976977	0.4458125	0.558005868791644
-3.36476977	0.4546875	0.563038033240614
-3.35976977	0.460625	0.568142873949276
-3.35476977	0.45725	0.573305061617727
-3.34976977	0.4679375	0.578584382473401
-3.34476977	0.4701875	0.583923642731147
-3.33976977	0.474375	0.589348552411214
-3.33476977	0.494875	0.594894340036372
-3.32976977	0.4596875	0.60037621862619
-3.32476977	0.45525	0.606010946375571
-3.31976977	0.45225	0.611720595750521
-3.31476977	0.4486875	0.617495792039328
-3.30976977	0.4528125	0.623352396642214
-3.30476977	0.449125	0.629245208993769
-3.29976977	0.4523125	0.635204979614164
-3.29476977	0.47375	0.641253435139129
-3.28976977	0.5385625	0.647446713279539
-3.28476977	0.6110625	0.653686172372492
-3.27976977	0.6325	0.659814393635019
-3.27476977	0.59075	0.665792287338748
-3.26976977	0.665625	0.672068223429143
-3.26476977	0.820625	0.678541591820778
-3.25976977	0.98625	0.68502840163037
-3.25476977	0.90375	0.690864667929175
-3.24976977	0.87625	0.69681371222702
-3.24476977	0.810625	0.702633430739476
-3.23976977	0.7875	0.708523633306641
-3.23476977	0.760625	0.714362723601333
-3.22976977	0.755625	0.720212326448026
-3.22476977	0.741875	0.72599191321605
-3.21976977	0.7375	0.731745341675501
-3.21476977	0.7425	0.737470970327469
-3.20976977	0.75125	0.743153309140035
-3.20476977	0.7525	0.748762930449004
-3.19976977	0.77	0.754359536323091
-3.19476977	0.778125	0.759877643676223
-3.18976977	0.791875	0.765355041011442
-3.18476977	0.805	0.770775628415079
-3.17976977	0.82	0.776145553410903
-3.17476977	0.84375	0.781482077533356
-3.16976977	0.8525	0.786724694224209
-3.16476977	0.861875	0.791912865509213
-3.15976977	0.87	0.797041615683073
-3.15476977	0.85125	0.802045675106706
-3.14976977	0.846875	0.807029606955041
-3.14476977	0.873125	0.812034546851226
-3.13976977	0.873125	0.816916031373826
-3.13476977	0.881875	0.821762978799786
-3.12976977	0.881875	0.826531127451098
-3.12476977	0.904375	0.831300145971225
-3.11976977	0.915625	0.835984829579574
-3.11476977	0.921875	0.840601727711101
-3.10976977	0.915625	0.845132682127165
-3.10476977	0.946875	0.849705752077055
-3.09976977	0.930625	0.854106440604717
-3.09476977	0.92875	0.858493414422316
-3.08976977	0.93125	0.862843068799406
-3.08476977	0.935625	0.867151064752858
-3.07976977	0.935	0.871402166296489
-3.07476977	0.93375	0.875609899340241
-3.06976977	0.94	0.879797489423462
-3.06476977	0.93875	0.883929600594299
-3.05976977	0.934375	0.888020223590988
-3.05476977	0.934375	0.892091388468947
-3.04976977	0.935	0.896136636962559
-3.04476977	0.94125	0.900171776913361
-3.03976977	0.945	0.904179311027673
-3.03476977	0.92875	0.908117931574088
-3.02976977	0.9225	0.9120669074557
-3.02476977	0.936875	0.916056255979191
-3.01976977	0.93875	0.920004829297717
-3.01476977	0.9325	0.923926597958733
-3.00976977	0.95	0.927905240993853
-3.00476977	0.969375	0.931887824990779
-2.99976977	0.955	0.935786353898413
-2.99476977	0.955625	0.939726907133938
-2.98976977	0.96	0.943683041092718
-2.98476977	0.961875	0.947640821983109
-2.97976977	0.9675	0.951617860845991
-2.97476977	0.964375	0.955583959744056
-2.96976977	0.953125	0.959542043069568
-2.96476977	0.955	0.96354720084105
-2.95976977	0.9575	0.967568627110461
-2.95476977	0.96	0.971605474790911
-2.94976977	0.964375	0.975663062258057
-2.94476977	0.9675	0.979733844214937
-2.93976977	0.97375	0.983829167842699
-2.93476977	1.001875	0.987996748183587
-2.92976977	1.035	0.992193731363874
-2.92476977	1.051875	0.996366061235526
-2.91976977	1.073125	1.00056593105247
-2.91476977	1.040625	1.00464551545409
-2.90976977	1.04375	1.00883145820571
-2.90476977	1.04	1.01301550992006
-2.89976977	1.036875	1.01721633373564
-2.89476977	1.03625	1.02143826474284
-2.88976977	1.038125	1.02568082716181
-2.88476977	1.040625	1.02993872799161
-2.87976977	1.04125	1.03420502397248
-2.87476977	1.04	1.03847905000475
-2.86976977	1.041875	1.04277276223987
-2.86476977	1.06	1.04711867051133
-2.85976977	1.058125	1.05142383902089
-2.85476977	1.10375	1.05585869339071
-2.84976977	1.105625	1.06019050578399
-2.84476977	1.111875	1.06454037975433
-2.83976977	1.11875	1.0688976511635
-2.83476977	1.124375	1.07325637529822
-2.82976977	1.13125	1.0776216830545
-2.82476977	1.13375	1.08197804873466
-2.81976977	1.136875	1.08633690344876
-2.81476977	1.140625	1.09069696356082
-2.80976977	1.14625	1.09506009990849
-2.80476977	1.148125	1.09941070455261
-2.79976977	1.151875	1.10376170736073
-2.79476977	1.15625	1.10810854745206
-2.78976977	1.160625	1.11244820848257
-2.78476977	1.1675	1.11678555758059
-2.77976977	1.17625	1.12111746675735
-2.77476977	1.183125	1.12543280419391
-2.76976977	1.19	1.12973464366036
-2.76476977	1.19875	1.13402597513802
-2.75976977	1.20625	1.13829700385417
-2.75476977	1.213125	1.14254736403393
-2.74976977	1.21875	1.1467734216365
-2.74476977	1.22375	1.15097462275827
-2.73976977	1.229375	1.15515190973742
-2.73476977	1.2375	1.15930772695243
-2.72976977	1.24375	1.16342857313879
-2.72476977	1.248125	1.1675119916907
-2.71976977	1.25375	1.17156341231669
-2.71476977	1.26	1.17557871371232
-2.70976977	1.27125	1.17956646367904
-2.70476977	1.28125	1.18350827144402
-2.69976977	1.2875	1.18739531679142
-2.69476977	1.294375	1.19123631641155
-2.68976977	1.301875	1.19502899184079
-2.68476977	1.313125	1.19877914649225
-2.67976977	1.33625	1.20250545934029
-2.67476977	1.345625	1.2061411245132
-2.66976977	1.3575	1.20972590009039
-2.66476977	1.36625	1.21324426154035
-2.65976977	1.375625	1.21670476658
-2.65476977	1.38	1.22009245741549
-2.64976977	1.38375	1.22341806056694
-2.64476977	1.379375	1.2266624411947
-2.63976977	1.345	1.22977024695927
-2.63476977	1.348125	1.23291332887313
-2.62976977	1.351875	1.23599876792473
-2.62476977	1.3575	1.23903068018465
-2.61976977	1.35375	1.24198165161016
-2.61476977	1.355	1.2448895200806
-2.60976977	1.3575	1.24774626727256
-2.60476977	1.360625	1.25055195541356
-2.59976977	1.3675	1.2533162967649
-2.59476977	1.37875	1.25604276911531
-2.58976977	1.390625	1.25872384251934
-2.58476977	1.393125	1.26133620848469
-2.57976977	1.39375	1.26390107648912
-2.57476977	1.388125	1.26640958130406
-2.56976977	1.3925	1.26890530031566
-2.56476977	1.37625	1.27131285931856
-2.55976977	1.35125	1.27366486438607
-2.55476977	1.371875	1.27610189921775
-2.54976977	1.360625	1.27842976126581
-2.54476977	1.366875	1.28077645473709
-2.53976977	1.36875	1.2830891162396
-2.53476977	1.376875	1.28539743335037
-2.52976977	1.4075	1.28774538164643
-2.52476977	1.415625	1.29002138619053
-2.51976977	1.434375	1.29231216513368
-2.51476977	1.454375	1.29459638581881
-2.50976977	1.48125	1.2968905869685
-2.50476977	1.42625	1.29897136799635
-2.49976977	1.368125	1.30104021371967
-2.49476977	1.3725	1.30326474234432
-2.48976977	1.339375	1.30539135651386
-2.48476977	1.336875	1.30759253935185
-2.47976977	1.32375	1.3097621097709
-2.47476977	1.31	1.31192293934837
-2.46976977	1.305625	1.31409670537596
-2.46476977	1.304375	1.31626253385815
-2.45976977	1.309375	1.31842199554825
-2.45476977	1.30375	1.32052448303174
-2.44976977	1.319375	1.32264177744082
-2.44476977	1.33625	1.32471259192144
-2.43976977	1.354375	1.32672515757377
-2.43476977	1.3825	1.32868878767734
-2.42976977	1.418125	1.33058326584414
-2.42476977	1.470625	1.33241777145998
-2.41976977	1.49875	1.3340724241963
-2.41476977	1.53375	1.33561117832842
-2.40976977	1.591875	1.33705992929361
-2.40476977	1.66875	1.33839251737731
-2.39976977	1.720625	1.33948340145001
-2.39476977	1.745625	1.34031423150986
-2.38976977	1.76875	1.34093600722763
-2.38476977	1.82875	1.34143596633436
-2.37976977	1.85375	1.34162195797779
-2.37476977	1.851875	1.34150659967377
-2.36976977	1.761875	1.34092808826467
-2.36476977	1.71	1.34020248869027
-2.35976977	1.696875	1.33932868111699
-2.35476977	1.68	1.33819781510038
-2.34976977	1.64	1.33676147397682
-2.34476977	1.63	1.33515696916603
-2.33976977	1.614375	1.33329781532585
-2.33476977	1.585625	1.33117039062281
-2.32976977	1.55625	1.32881320188138
-2.32476977	1.56125	1.32632312739819
-2.31976977	1.616875	1.32375057459701
-2.31476977	1.565625	1.32070581428781
-2.30976977	1.580625	1.31763955297194
-2.30476977	1.598125	1.31440187862242
-2.29976977	1.595625	1.31094835268354
-2.29476977	1.59625	1.30735101108488
-2.28976977	1.599375	1.30362209750404
-2.28476977	1.5375	1.29960444024473
-2.27976977	1.435625	1.29537599355679
-2.27476977	1.37	1.29114495898592
-2.26976977	1.326875	1.28689098848512
-2.26476977	1.3125	1.28264434058726
-2.25976977	1.289375	1.2783238646721
-2.25476977	1.269375	1.2739733161848
-2.24976977	1.25375	1.26960887771401
-2.24476977	1.235625	1.26522538886082
-2.23976977	1.239375	1.26089622293438
-2.23476977	1.22125	1.25652087873346
-2.22976977	1.20125	1.252159765704
-2.22476977	1.185625	1.24783738045969
-2.21976977	1.176875	1.24356767768226
-2.21476977	1.174375	1.23935565670754
-2.20976977	1.18	1.23521166244786
-2.20476977	1.20625	1.23117205122417
-2.19976977	1.213125	1.22713895913788
-2.19476977	1.17	1.22303747469603
-2.18976977	1.15875	1.21907756194909
-2.18476977	1.151875	1.21519077712928
-2.17976977	1.136875	1.21134616547126
-2.17476977	1.11125	1.20753766402335
-2.16976977	1.109375	1.2038524422471
-2.16476977	1.128125	1.2002821565706
-2.15976977	1.144375	1.19676748482976
-2.15476977	1.235625	1.19350450270253
-2.14976977	1.244375	1.19009257511293
-2.14476977	1.228125	1.18667703736813
-2.13976977	1.195625	1.18327956058018
-2.13476977	1.194375	1.18002036910044
-2.12976977	1.1875	1.17680563703309
-2.12476977	1.156875	1.17358934444469
-2.11976977	1.126875	1.17043357342982
-2.11476977	1.105625	1.16735931090919
-2.10976977	1.088125	1.16435434701237
-2.10476977	1.079375	1.16143194619918
-2.09976977	1.06875	1.15856572962783
-2.09476977	1.05875	1.15576261978225
-2.08976977	1.05375	1.15303422078824
-2.08476977	1.05375	1.15038089832755
-2.07976977	1.05625	1.14779649672442
-2.07476977	1.056875	1.14526989121429
-2.06976977	1.05125	1.1427897250277
-2.06476977	1.04625	1.14037296302671
-2.05976977	1.04625	1.13802998031589
-2.05476977	1.04375	1.1357407731807
-2.04976977	1.03875	1.13350418373331
-2.04476977	1.035625	1.13133000788913
-2.03976977	1.034375	1.12921683398032
-2.03476977	1.036875	1.12716798070388
-2.02976977	1.03875	1.12517094640027
-2.02476977	1.04375	1.12323399836402
-2.01976977	1.05125	1.12135453074611
-2.01476977	1.06875	1.11955090565219
-2.00976977	1.075625	1.11777051374499
-2.00476977	1.071875	1.11601365891348
-1.99976977	1.074375	1.11432413308163
-1.99476977	1.076875	1.11268773764283
-1.98976977	1.0925	1.11114026837637
-1.98476977	1.09625	1.1096215689818
-1.97976977	1.103125	1.10817393107342
-1.97476977	1.1225	1.10682625158366
-1.96976977	1.119375	1.10549561890119
-1.96476977	1.12875	1.1042776742116
-1.95976977	1.09375	1.10303551127167
-1.95476977	1.061875	1.10189787521977
-1.94976977	0.94875	1.10065916719233
-1.94476977	0.896875	1.09969021216962
-1.93976977	0.8675	1.0989018229307
-1.93476977	0.848125	1.09827150877566
-1.92976977	0.835	1.09779888192924
-1.92476977	0.825625	1.09748646188253
-1.91976977	0.82	1.09734270819619
-1.91476977	0.81875	1.09737713262264
-1.90976977	0.82125	1.0975954266619
-1.90476977	0.828125	1.09800571293182
-1.89976977	0.83875	1.09861211429359
-1.89476977	0.8575	1.09943055089879
-1.88976977	0.93	1.10058071821175
-1.88476977	0.991875	1.10190198264299
-1.87976977	0.945	1.10314692960782
-1.87476977	0.9025	1.10460338884076
-1.86976977	0.8825	1.10631676600883
-1.86476977	0.873125	1.10825502682754
-1.85976977	0.821875	1.11028166533334
-1.85476977	0.793125	1.11255557377854
-1.84976977	0.774375	1.11503906172639
-1.84476977	0.768125	1.1177311372789
-1.83976977	0.773125	1.12061992773271
-1.83476977	0.805	1.12373511336152
-1.82976977	0.81375	1.12693855120403
-1.82476977	0.82	1.13027036962553
-1.81976977	0.83625	1.13374918355479
-1.81476977	0.851875	1.13733420453166
-1.80976977	0.905	1.14110795247063
-1.80476977	0.97625	1.14500668803145
-1.79976977	1.12	1.14915387649171
-1.79476977	2.163125	1.15563458176326
-1.78976977	1.81375	1.15861523436572
-1.78476977	1.353125	1.16133524964022
-1.77976977	1.31875	1.16514599021135
-1.77476977	0.92125	1.1680301467327
-1.76976977	0.848125	1.17172078334406
-1.76476977	0.9375	1.17579463451351
-1.75976977	1.055	1.17989852455648
-1.75476977	1.035625	1.18360170069289
-1.74976977	1.065	1.18736380509634
-1.74476977	1.1025	1.19107006828906
-1.73976977	1.17125	1.19476763861868
-1.73476977	1.22	1.19831488435572
-1.72976977	1.294375	1.20181627602451
-1.72476977	1.3825	1.20523050213213
-1.71976977	1.5375	1.20868163782859
-1.71476977	1.4475	1.2113674722958
-1.70976977	1.42375	1.21406865375049
-1.70476977	1.395625	1.21659704888842
-1.69976977	1.34	1.21888616508566
-1.69476977	1.3025	1.22104528717193
-1.68976977	1.301875	1.22311684219132
-1.68476977	1.353125	1.22513526703738
-1.67976977	1.6525	1.22759687235028
-1.67476977	1.596875	1.22897000615707
-1.66976977	1.495	1.23004019228154
-1.66476977	1.51625	1.23124089058436
-1.65976977	1.48875	1.23214088318076
-1.65476977	1.504375	1.23298037208318
-1.64976977	1.53125	1.23368694814868
-1.64476977	1.506875	1.23411188558236
-1.63976977	1.488125	1.23441081376708
-1.63476977	1.45875	1.23455471258832
-1.62976977	1.388125	1.23447885034667
-1.62476977	1.198125	1.23399844141292
-1.61976977	1.050625	1.23353842943593
-1.61476977	1.02125	1.2333049157015
-1.60976977	0.931875	1.23285972210343
-1.60476977	0.806875	1.23227879350251
-1.59976977	0.82125	1.23202047192663
-1.59476977	0.7875	1.23162266480008
-1.58976977	0.885	1.23155493855205
-1.58476977	1.41	1.23258390451641
-1.57976977	1.666875	1.23295816291324
-1.57476977	1.71625	1.23284722701858
-1.56976977	1.566875	1.23228979673657
-1.56476977	1.381875	1.23171762908814
-1.55976977	1.355	1.23164144864836
-1.55476977	1.2875	1.23157664395131
-1.54976977	1.293125	1.23183334339305
-1.54476977	1.108125	1.2317643331161
-1.53976977	1.036875	1.23216595884712
-1.53476977	1.100625	1.23311646646539
-1.52976977	0.87	1.23355041243432
-1.52476977	0.786875	1.23461474082327
-1.51976977	0.77125	1.23613110089921
-1.51476977	0.8175	1.23810942250223
-1.50976977	0.795	1.24024129445945
-1.50476977	0.78	1.24274226010673
-1.49976977	0.746875	1.24556749907313
-1.49476977	0.75125	1.24887646151563
-1.48976977	0.715	1.25248663511791
-1.48476977	0.765	1.25673337675498
-1.47976977	0.83375	1.26145557409646
-1.47476977	0.734375	1.2661858265969
-1.46976977	0.71625	1.27156101386871
-1.46476977	0.7175	1.27742408357461
-1.45976977	0.756875	1.28381887568415
-1.45476977	0.81625	1.29069160030328
-1.44976977	0.82125	1.29784149259333
-1.44476977	0.810625	1.30535075951175
-1.43976977	0.7875	1.31320680716086
-1.43476977	0.80375	1.32151645259761
-1.42976977	0.780625	1.33005050319271
-1.42476977	0.79	1.33895799527833
-1.41976977	0.821875	1.34817604199344
-1.41476977	0.846875	1.35758881840317
-1.40976977	0.8775	1.36718347415799
-1.40476977	0.888125	1.37684749837917
-1.39976977	0.96	1.38673748928914
-1.39476977	1.13125	1.39689897472786
-1.38976977	1.806875	1.40830822308187
-1.38476977	1.73375	1.41773134186284
-1.37976977	1.7875	1.42734049985992
-1.37476977	1.82	1.43671020971267
-1.36976977	1.880625	1.44591909920057
-1.36476977	2.11875	1.45530316646734
-1.35976977	2.721875	1.46529942367621
-1.35476977	3.1225	1.47443271493931
-1.34976977	2.345	1.48019703199373
-1.34476977	2.08125	1.48686535278919
-1.33976977	2.015625	1.4936195367404
-1.33476977	1.766875	1.49948117399684
-1.32976977	1.685	1.50533500651214
-1.32476977	2.021875	1.5118229691578
-1.31976977	2.498125	1.51824423870374
-1.31476977	2.561875	1.52321192533124
-1.30976977	2.671875	1.52791067239162
-1.30476977	2.25625	1.53091314504554
-1.29976977	2.04625	1.53410510360897
-1.29476977	1.855625	1.53704625938481
-1.28976977	1.713125	1.53984506934746
-1.28476977	1.74875	1.54286909113628
-1.27976977	1.92125	1.5460522181053
-1.27476977	1.800625	1.5483415551409
-1.26976977	1.310625	1.54958186912947
-1.26476977	1.23125	1.5517906874361
-1.25976977	1.083125	1.55378570875052
-1.25476977	1.009375	1.55596245778771
-1.24976977	1.006875	1.55834177252189
-1.24476977	1.09625	1.56100101587648
-1.23976977	1.1975	1.56375796085048
-1.23476977	1.2275	1.56641817691505
-1.22976977	1.261875	1.5691860035619
-1.22476977	1.3575	1.57221393208731
-1.21976977	1.4825	1.57542505718273
-1.21476977	1.615625	1.57876569323204
-1.20976977	1.616875	1.58187725011212
-1.20476977	1.59875	1.58503932745763
-1.19976977	1.515	1.58812599389636
-1.19476977	1.43	1.59129029400823
-1.18976977	1.339375	1.5945093403775
-1.18476977	1.45875	1.59831803579083
-1.17976977	1.54375	1.60208300148779
-1.17476977	1.80625	1.60632955420734
-1.16976977	1.929375	1.61024112033839
-1.16476977	2.06	1.6141797081358
-1.15976977	2.22625	1.61820717649349
-1.15476977	2.181875	1.62169030223696
-1.14976977	2.061875	1.62496561452683
-1.14476977	2.141875	1.62872843453874
-1.13976977	1.98875	1.6318761216608
-1.13476977	1.806875	1.6349261975192
-1.12976977	1.7825	1.63835137840734
-1.12476977	1.6425	1.64145887440177
-1.11976977	1.564375	1.64470064739668
-1.11476977	1.4625	1.64786075132381
-1.10976977	1.354375	1.65098494251856
-1.10476977	1.3575	1.65437243636121
-1.09976977	1.425	1.6579043721467
-1.09476977	1.4725	1.66136578005095
-1.08976977	1.549375	1.66488029857303
-1.08476977	1.6525	1.66843723269663
-1.07976977	1.799375	1.67207727229485
-1.07476977	2.009375	1.67584499338312
-1.06976977	1.86875	1.67868449997718
-1.06476977	1.866875	1.68183253027406
-1.05976977	1.89125	1.68499728951111
-1.05476977	1.97375	1.68825349512402
-1.04976977	1.940625	1.69115389352512
-1.04476977	1.93375	1.69405296775139
-1.03976977	1.955625	1.69695179062479
-1.03476977	1.961875	1.69973301174703
-1.02976977	1.96625	1.70242754335724
-1.02476977	1.971875	1.70504003369976
-1.01976977	1.955625	1.70750919605487
-1.01476977	1.9075	1.70980776044381
-1.00976977	1.859375	1.71201542565299
-1.00476977	1.840625	1.71420612493164
-0.99976977	1.811875	1.71627974451602
-0.99476977	1.7875	1.71827310679451
-0.98976977	1.795625	1.72025835684336
-0.98476977	1.79625	1.72213503938208
-0.97976977	1.796875	1.72392367198476
-0.97476977	1.780625	1.72558325050837
-0.96976977	1.835625	1.72733976908385
-0.96476977	1.9225	1.72909590345715
-0.95976977	2.015625	1.73078969506347
-0.95476977	2.080625	1.73233744653355
-0.94976977	2.103125	1.73370673170035
-0.94476977	2.115	1.73498303352458
-0.93976977	1.96375	1.73578411259213
-0.93476977	2.02125	1.73705953147391
-0.92976977	2.0175	1.73812927865556
-0.92476977	1.90125	1.73886884719396
-0.91976977	1.74625	1.73947100088982
-0.91476977	1.6725	1.74024560004024
-0.90976977	1.680625	1.74119882160389
-0.90476977	1.7125	1.74218684757487
-0.89976977	1.78625	1.7432584023747
-0.89476977	1.73375	1.7439879998791
-0.88976977	1.788125	1.74496747120021
-0.88476977	1.8425	1.74592366158716
-0.87976977	1.739375	1.74645305757131
-0.87476977	1.715625	1.7471516171092
-0.86976977	1.759375	1.74798177128182
-0.86476977	1.643125	1.74835657447576
-0.85976977	1.615	1.74889498496512
-0.85476977	1.62125	1.74944787236462
-0.84976977	1.664375	1.75000758799108
-0.84476977	1.760625	1.75060036031853
-0.83976977	1.896875	1.75117715821406
-0.83476977	2.0775	1.75173311925266
-0.82976977	2.13625	1.75183031320858
-0.82476977	2.131875	1.7516027346914
-0.81976977	2.173125	1.75131240366784
-0.81476977	2.265625	1.75096098907777
-0.80976977	2.2925	1.7502410039757
-0.80476977	2.33625	1.74935342653826
-0.79976977	2.436875	1.74839382582802
-0.79476977	2.275625	1.74654956918846
-0.78976977	2.13875	1.74454703637174
-0.78476977	2.1925	1.74281080797783
-0.77976977	2.12625	1.7405574970873
-0.77476977	2.074375	1.73813642227434
-0.76976977	2.013125	1.73549805452083
-0.76476977	1.9725	1.7327318042432
-0.75976977	1.951875	1.72985155508498
-0.75476977	1.93875	1.72684301924104
-0.74976977	1.898125	1.72363649063078
-0.74476977	1.873125	1.7203620701354
-0.73976977	1.828125	1.71695106815457
-0.73476977	1.768125	1.71343884983157
-0.72976977	1.715625	1.70990586862159
-0.72476977	1.701875	1.70645521696586
-0.71976977	1.695	1.70302991357521
-0.71476977	1.688125	1.69963647046171
-0.70976977	1.68875	1.69631774023345
-0.70476977	1.658125	1.69299882480774
-0.69976977	1.655625	1.68985352104003
-0.69476977	1.60125	1.68670115136166
-0.68976977	1.53625	1.68366820867538
-0.68476977	1.495625	1.6808645126314
-0.67976977	1.475	1.67829900403442
-0.67476977	1.46875	1.67597645854569
-0.66976977	1.46375	1.67388153193014
-0.66476977	1.514375	1.67216911366675
-0.65976977	1.46375	1.67045646822375
-0.65476977	1.4275	1.669051463602
-0.64976977	1.391875	1.66793208914941
-0.64476977	1.38125	1.66717169191604
-0.63976977	1.3775	1.66673419606959
-0.63476977	1.378125	1.66662163065453
-0.62976977	1.371875	1.66681218489474
-0.62476977	1.364375	1.66732522643535
-0.61976977	1.359375	1.6681736537198
-0.61476977	1.354375	1.66935275749674
-0.60976977	1.353125	1.67087194054452
-0.60476977	1.35875	1.67273725340449
-0.59976977	1.360625	1.67491807303812
-0.59476977	1.383125	1.67747090293313
-0.58976977	1.3825	1.68027755646092
-0.58476977	1.408125	1.68345463450554
-0.57976977	1.41625	1.68688066841757
-0.57476977	1.4425	1.69063418501268
-0.56976977	1.47625	1.69467480309822
-0.56476977	1.53875	1.69904168361436
-0.55976977	1.56875	1.7035632024029
-0.55476977	1.60625	1.70832360260861
-0.54976977	1.63875	1.7132726928617
-0.54476977	1.66125	1.71837828378411
-0.53976977	1.66625	1.7236008854843
-0.53476977	1.68625	1.72900170971143
-0.52976977	1.69875	1.7345015441493
-0.52476977	1.704375	1.74007921727793
-0.51976977	1.726875	1.74577170102786
-0.51476977	1.748125	1.75150918023281
-0.50976977	1.816875	1.75739130815095
-0.50476977	1.799375	1.76305415241077
-0.49976977	1.811875	1.76876852434997
-0.49476977	1.846875	1.77449115430593
-0.48976977	1.911875	1.78021718483189
-0.48476977	2.03	1.78598196014319
-0.47976977	2.098125	1.79150099934672
-0.47476977	2.113125	1.79674469014467
-0.46976977	2.26625	1.80217813428839
-0.46476977	2.23625	1.80696651123732
-0.45976977	2.25625	1.811684205236
-0.45476977	2.23875	1.81609324875349
-0.44976977	2.246875	1.82034004339528
-0.44476977	2.27625	1.82440164550993
-0.43976977	2.246875	1.82806524101773
-0.43476977	2.2775	1.83162489461809
-0.42976977	2.2575	1.83479453293925
-0.42476977	2.243125	1.83771409012317
-0.41976977	2.31875	1.84059719070822
-0.41476977	2.301875	1.84298206410015
-0.40976977	2.283125	1.8451025999763
-0.40476977	2.3325	1.84714237748125
-0.39976977	2.3	1.848728295403
-0.39476977	2.29375	1.85014443214646
-0.38976977	2.29	1.85134159917463
-0.38476977	2.24375	1.85221801903174
-0.37976977	2.20125	1.85290474097359
-0.37476977	2.165	1.85342260263992
-0.36976977	2.07875	1.85364387057843
-0.36476977	2.04375	1.85384104186177
-0.35976977	2.045625	1.85399305361843
-0.35476977	2.021875	1.85395638064525
-0.34976977	1.995625	1.85380435353084
-0.34476977	2.0075	1.85365389923119
-0.33976977	2.005	1.85338438249417
-0.33476977	1.98375	1.85299600841395
-0.32976977	1.92875	1.85246042300071
-0.32476977	1.925	1.85200140606261
-0.31976977	1.885	1.85140279316616
-0.31476977	1.896875	1.85089227877743
-0.30976977	1.889375	1.85029071784067
-0.30476977	1.86	1.84959131516693
-0.29976977	1.864375	1.84893264282871
-0.29476977	1.881875	1.84825748654695
-0.28976977	1.905	1.84753986795929
-0.28476977	1.94125	1.84678993889051
-0.27976977	2.006875	1.84603828874819
-0.27476977	2.04	1.84511557495085
-0.26976977	2.0725	1.84408918763669
-0.26476977	2.043125	1.84278903185705
-0.25976977	2.0325	1.84140452549164
-0.25476977	2.09	1.8400453294251
-0.24976977	2.171875	1.83858455960751
-0.24476977	2.221875	1.83686381907238
-0.23976977	2.4325	1.83535684448375
-0.23476977	2.399375	1.83302263265214
-0.22976977	2.356875	1.83044309153776
-0.22476977	2.33	1.82766974692677
-0.21976977	2.381875	1.82485233506344
-0.21476977	2.30375	1.82145178460191
-0.20976977	2.27875	1.81792562438009
-0.20476977	2.286875	1.81421721816398
-0.19976977	2.286875	1.81021753883077
-0.19476977	2.253125	1.80585872942725
-0.18976977	2.225	1.80123936953683
-0.18476977	2.1925	1.79633393282548
-0.17976977	2.175	1.79119259398416
-0.17476977	2.14875	1.78575698096204
-0.16976977	2.133125	1.78007900913528
-0.16476977	2.103125	1.77409854484038
-0.15976977	2.080625	1.76787494675264
-0.15476977	2.079375	1.76144727462786
-0.14976977	2.055	1.75470721311393
-0.14476977	2.043125	1.74774969214601
-0.13976977	2.03875	1.74056653486868
-0.13476977	2.026875	1.7331241771989
-0.12976977	2.0125	1.72543983054131
-0.12476977	2.015	1.71756721864058
-0.11976977	1.999375	1.70942206197951
-0.11476977	1.954375	1.70098052453158
-0.10976977	1.96875	1.69247292474547
-0.10476977	1.948125	1.68366496855122
-0.09976977	1.9275	1.67465136422872
-0.09476977	1.905625	1.66543542455364
-0.08976977	1.8925	1.65604981861871
-0.08476977	1.9075	1.64655194282734
-0.07976977	1.963125	1.63698277026033
-0.07476977	2.14125	1.62756053761922
-0.06976977	2.344375	1.61804917559777
-0.06476977	2.054375	1.60714573540358
-0.05976977	1.954375	1.59659847398394
-0.05476977	2.194375	1.58680294367722
-0.04976977	1.618125	1.57483876783693
-0.04476977	1.55	1.56408479026514
-0.03976977	1.501875	1.55331804849708
-0.03476977	1.46625	1.54253604683105
-0.02976977	1.45	1.53177261761163
-0.02476977	1.43875	1.52100719740363
-0.01976977	1.4275	1.51024233606888
-0.01476977	1.41625	1.49949236278284
-0.00976977	1.4025	1.48876415199342
-0.00476977	1.38875	1.47807601674325
0.00023023	1.3675	1.46741951519848
0.00523023	1.345	1.4568196924586
0.01023023	1.3375	1.44632553889473
0.01523023	1.33625	1.43592113989707
0.02023023	1.31875	1.42555429462962
0.02523023	1.331875	1.41534766334741
0.03023023	1.345	1.40522593846247
0.03523023	1.33625	1.39513496626668
0.04023023	1.33625	1.38515296673712
0.04523023	1.335	1.3752542160051
0.05023023	1.32125	1.36540916399203
0.05523023	1.31875	1.35567661423903
0.06023023	1.310625	1.34601183280753
0.06523023	1.301875	1.3364253656001
0.07023023	1.28875	1.32690538960241
0.07523023	1.2725	1.31745272715864
0.08023023	1.258125	1.30807776244656
0.08523023	1.25	1.29878941252783
0.09023023	1.236875	1.28955711006248
0.09523023	1.225	1.28039497204337
0.10023023	1.21875	1.27131265561154
0.10523023	1.210625	1.26229000995343
0.11023023	1.19875	1.25332154629728
0.11523023	1.185	1.24441170456849
0.12023023	1.181875	1.23559232952882
0.12523023	1.18125	1.22684333456318
0.13023023	1.190625	1.21818474798856
0.13523023	1.175625	1.20953070739744
0.14023023	1.131875	1.20087194445358
0.14523023	1.1225	1.19237097824762
0.15023023	1.1225	1.18396693130306
0.15523023	1.10625	1.17559766300555
0.16023023	1.105625	1.1673473097092
0.16523023	1.00125	1.15891619055723
0.17023023	0.991875	1.15081255542699
0.17523023	0.98125	1.14279572734177
0.18023023	0.97125	1.13487424182765
0.18523023	0.963125	1.12705505607935
0.19023023	0.955	1.11933715320512
0.19523023	0.94875	1.11172895602408
0.20023023	0.941875	1.10422765985312
0.20523023	0.93125	1.09682872351178
0.21023023	0.92375	1.0895528227174
0.21523023	0.9125	1.08238552638872
0.22023023	0.899375	1.07533441220484
0.22523023	0.889375	1.06841477304803
0.23023023	0.88	1.06162263078877
0.23523023	0.868125	1.0549521869956
0.24023023	0.860625	1.04842279695388
0.24523023	0.848125	1.04201231452331
0.25023023	0.830625	1.03572215503736
0.25523023	0.821875	1.02958840250802
0.26023023	0.815625	1.02359611340439
0.26523023	0.809375	1.01773962111
0.27023023	0.804375	1.01202253722482
0.27523023	0.79875	1.00644029769676
0.28023023	0.79375	1.00099603653907
0.28523023	0.79	0.99569107003567
0.29023023	0.783125	0.990513795910561
0.29523023	0.7775	0.985474616197334
0.30023023	0.77125	0.980567862305363
0.30523023	0.765625	0.975795613359556
0.31023023	0.760625	0.971156603511878
0.31523023	0.7575	0.966652587511083
0.32023023	0.755	0.962278838192242
0.32523023	0.75375	0.958035275417627
0.33023023	0.755	0.953923312960827
0.33523023	0.745625	0.949907792320979
0.34023023	0.7575	0.946067763316363
0.34523023	0.76875	0.942345763838766
0.35023023	0.76375	0.938700183804247
0.35523023	0.760625	0.935175104746366
0.36023023	0.74875	0.931741614798678
0.36523023	0.745	0.928440641427039
0.37023023	0.738125	0.925241715773534
0.37523023	0.735	0.922160407066101
0.38023023	0.735	0.919193254276718
0.38523023	0.735	0.916330456166014
0.39023023	0.734375	0.913568559868168
0.39523023	0.73125	0.910900931762616
0.40023023	0.726875	0.908328859646186
0.40523023	0.719375	0.905845678921438
0.41023023	0.714375	0.903463750123373
0.41523023	0.708125	0.901171615300219
0.42023023	0.69875	0.898962573228878
0.42523023	0.69625	0.896860087403118
0.43023023	0.690625	0.894836875178589
0.43523023	0.6875	0.892905394982897
0.44023023	0.780625	0.891301970286749
0.44523023	0.7075	0.889358507963612
0.45023023	0.72	0.887713171903028
0.45523023	0.7325	0.886147413137922
0.46023023	0.74875	0.884669907751135
0.46523023	0.765	0.883270624653502
0.47023023	0.79625	0.881987518362296
0.47523023	0.780625	0.880663758600719
0.48023023	0.75	0.879380993304784
0.48523023	0.753125	0.878264167271493
0.49023023	0.7525	0.877219677107781
0.49523023	0.71875	0.876174991397964
0.50023023	0.719375	0.875303975789958
0.50523023	0.675	0.874407946163995
0.51023023	0.69125	0.873758294622666
0.51523023	0.714375	0.873222020035351
0.52023023	0.73375	0.872775833283393
0.52523023	0.74125	0.872402928562055
0.53023023	0.6875	0.871981812748849
0.53523023	0.66375	0.871748020068867
0.54023023	0.713125	0.87181476035202
0.54523023	0.72875	0.871914154214575
0.55023023	0.640625	0.871871644711207
0.55523023	0.58475	0.872035346888138
0.56023023	0.582125	0.872460919213752
0.56523023	0.5835625	0.87302529428294
0.57023023	0.590625	0.873733719008695
0.57523023	0.6000625	0.87457866022998
0.58023023	0.6125	0.875561872262774
0.58523023	0.629375	0.876686653397415
0.59023023	0.648125	0.877945681848411
0.59523023	0.6675	0.879334581053239
0.60023023	0.6825	0.880839158527981
0.60523023	0.69625	0.88246566311526
0.61023023	0.714375	0.88422661324936
0.61523023	0.738125	0.886123450000367
0.62023023	0.77	0.888160920401016
0.62523023	0.806875	0.890329705433092
0.63023023	0.84125	0.892609655238638
0.63523023	0.880625	0.895019016972774
0.64023023	0.86875	0.897414477566374
0.64523023	0.85625	0.899924365596723
0.65023023	0.834375	0.902526449386007
0.65523023	0.818125	0.90525889674193
0.66023023	0.77	0.908026533240252
0.66523023	0.74375	0.910965687115843
0.67023023	0.725625	0.914040935654441
0.67523023	0.6148125	0.916995262883552
0.68023023	0.576125	0.920245413113636
0.68523023	0.5665	0.923679464421906
0.69023023	0.573375	0.927261964256335
0.69523023	0.598375	0.930992407299655
0.70023023	0.643125	0.934869137002993
0.70523023	0.711875	0.938895963510238
0.71023023	0.806875	0.943070397167952
0.71523023	0.956875	0.947456010031851
0.72023023	1.08125	0.951837442172838
0.72523023	1.14875	0.956123506243734
0.73023023	1.0625	0.960055209713176
0.73523023	0.89625	0.963805646140349
0.74023023	0.845625	0.967856235908802
0.74523023	0.81125	0.971938253732349
0.75023023	0.793125	0.976034229815144
0.75523023	0.804375	0.980158996933876
0.76023023	0.968125	0.984605736043966
0.76523023	0.92	0.98842894438057
0.77023023	0.9125	0.992248714678006
0.77523023	1.0425	0.996289431531513
0.78023023	1.08625	0.999961030134549
0.78523023	1.105	1.00339701246
0.79023023	1.139375	1.00667872459128
0.79523023	1.169375	1.00973412394712
0.80023023	1.2675	1.01272694125553
0.80523023	1.393125	1.01553494604567
0.81023023	1.41625	1.01781062685389
0.81523023	1.57875	1.02015272804158
0.82023023	1.445	1.02144209298257
0.82523023	1.46	1.02279823973919
0.83023023	1.54125	1.02400419925808
0.83523023	1.548125	1.02469849810568
0.84023023	1.57	1.02510684902027
0.84523023	1.611875	1.02524393489446
0.85023023	1.635	1.02501649564429
0.85523023	1.665	1.02449771842449
0.86023023	1.455	1.02307163192294
0.86523023	1.34625	1.02161802688898
0.87023023	1.291875	1.02003325127278
0.87523023	1.238125	1.01819781583974
0.88023023	1.141875	1.016020354847
0.88523023	1.058125	1.01365930575537
0.89023023	1.001875	1.01117169734826
0.89523023	0.929375	1.00846506338909
0.90023023	0.834375	1.00554139050201
0.90523023	0.850625	1.00275698566559
0.91023023	0.855	0.99981443022222
0.91523023	0.850625	0.99673512502579
0.92023023	0.849375	0.993560764087049
0.92523023	0.856875	0.990315150281294
0.93023023	0.87625	0.98701370095999
0.93523023	0.9575	0.983788879332031
0.94023023	0.989375	0.98036187332687
0.94523023	0.974375	0.976741055043335
0.95023023	0.97125	0.973076236788369
0.95523023	0.995	0.969405060427567
0.96023023	0.97	0.965534313328348
0.96523023	0.96625	0.961640158813598
0.97023023	0.963125	0.957668642142836
0.97523023	0.99625	0.953709000459842
0.98023023	1.061875	0.949751223941583
0.98523023	1.169375	0.945819702858938
0.99023023	1.22875	0.941687885377975
0.99523023	1.255	0.937397477261013
1.00023023	1.225625	0.932896828949584
1.00523023	1.104375	0.928101391614149
1.01023023	1.003125	0.923304823526293
1.01523023	1.03375	0.918802897344172
1.02023023	1.079375	0.914312619778416
1.02523023	1.04625	0.909611650537486
1.03023023	1.00375	0.904893593056365
1.03523023	0.985	0.900261513373679
1.04023023	0.895625	0.895495956288313
1.04523023	0.71	0.890552926513278
1.05023023	0.57825	0.885835232072278
1.05523023	0.5015625	0.881367711501595
1.06023023	0.491	0.877200135168859
1.06523023	0.4886875	0.873206765534774
1.07023023	0.466625	0.869336959370791
1.07523023	0.4621875	0.865705049590936
1.08023023	0.456125	0.862280358541402
1.08523023	0.4619375	0.859113966095612
1.09023023	0.464375	0.856182434338969
1.09523023	0.4680625	0.853511198836361
1.10023023	0.48325	0.851138353616146
1.10523023	0.4970625	0.849041654737125
1.11023023	0.503625	0.847215044651939
1.11523023	0.4844375	0.84561887829919
1.12023023	0.47425	0.844347261571901
1.12523023	0.47825	0.843417864870473
1.13023023	0.4629375	0.842748845267778
1.13523023	0.45925	0.842420788606477
1.14023023	0.4689375	0.842439078670649
1.14523023	0.4699375	0.842747638217955
1.15023023	0.46875	0.843362006112975
1.15523023	0.4706875	0.844293885151224
1.16023023	0.475125	0.845539164054841
1.16523023	0.4796875	0.847088628508997
1.17023023	0.487625	0.84894676071471
1.17523023	0.502	0.851117048467206
1.18023023	0.51575	0.853576813511366
1.18523023	0.5591875	0.856397872811783
1.19023023	0.575	0.859429190835423
1.19523023	0.6065625	0.862775060744146
1.20023023	0.624875	0.866355696235015
1.20523023	0.6214375	0.870143058850743
1.21023023	0.6164375	0.874181639052797
1.21523023	0.625625	0.878504325831416
1.22023023	0.5771875	0.882921307045888
1.22523023	0.589	0.887723996091756
1.23023023	0.59875	0.892745817115635
1.23523023	0.612125	0.897992322653662
1.24023023	0.631875	0.903461009223711
1.24523023	0.654375	0.909132524132077
1.25023023	0.67875	0.91499377387717
1.25523023	0.699375	0.921018827096745
1.26023023	0.715	0.927192041652769
1.26523023	0.725625	0.933500102014432
1.27023023	0.728125	0.939920900414433
1.27523023	0.73375	0.946467981619422
1.28023023	0.74125	0.953122335965291
1.28523023	0.750625	0.959867367215376
1.29023023	0.7675	0.966700078542827
1.29523023	0.808125	0.973643866224134
1.30023023	0.836875	0.980589940049247
1.30523023	0.9025	0.987643408696968
1.31023023	0.989375	0.99474572254815
1.31523023	1.098125	1.00187953164842
1.32023023	1.308125	1.00922751967381
1.32523023	1.340625	1.0160632547189
1.33023023	1.219375	1.02242872140758
1.33523023	1.17875	1.02890114891653
1.34023023	1.130625	1.03523943873815
1.34523023	1.08875	1.04146179808161
1.35023023	1.125	1.04773474096083
1.35523023	1.130625	1.05376696120022
1.36023023	1.119375	1.05957910170912
1.36523023	1.133125	1.06526423284833
1.37023023	1.1675	1.07079912846832
1.37523023	1.234375	1.07620310104873
1.38023023	1.37625	1.08157465586974
1.38523023	1.2725	1.08609187419763
1.39023023	1.271875	1.09063422863477
1.39523023	1.568125	1.09568955173976
1.40023023	1.64375	1.09994179136271
1.40523023	1.666875	1.10381797013156
1.41023023	1.604375	1.10723637730542
1.41523023	1.54875	1.11043657949227
1.42023023	1.480625	1.11337635971585
1.42523023	1.43875	1.11616329511984
1.43023023	1.398125	1.11874517149681
1.43523023	1.351875	1.12111769207017
1.44023023	1.278125	1.12324013953329
1.44523023	1.268125	1.12536043286266
1.45023023	1.27375	1.12737369914089
1.45523023	1.223125	1.12911554172336
1.46023023	1.146875	1.13068227764333
1.46523023	1.123125	1.13229095967406
1.47023023	1.10125	1.13383154017483
1.47523023	1.07875	1.13531568325649
1.48023023	1.058125	1.13676699538696
1.48523023	1.04375	1.13821285282873
1.49023023	1.02625	1.13964452571451
1.49523023	1.029375	1.14113603569194
1.50023023	1.030625	1.14264248803958
1.50523023	1.0325	1.14418089867355
1.51023023	1.03375	1.14575714611879
1.51523023	1.044375	1.14740404561548
1.52023023	1.03875	1.14906234711568
1.52523023	1.034375	1.15078073983684
1.53023023	1.036875	1.15257627351354
1.53523023	1.034375	1.15442016980391
1.54023023	1.103125	1.15650612823501
1.54523023	1.143125	1.15857916818076
1.55023023	1.145625	1.16061497811031
1.55523023	1.15125	1.16271372894226
1.56023023	1.1675	1.16489073939714
1.56523023	1.178125	1.16710042590893
1.57023023	1.17125	1.16930786238745
1.57523023	1.14375	1.17150003637944
1.58023023	1.108125	1.17370345343934
1.58523023	1.13	1.17607950244726
1.59023023	1.16375	1.17850723454581
1.59523023	1.209375	1.18098183535469
1.60023023	1.22625	1.18339576930707
1.60523023	1.244375	1.18582139623407
1.61023023	1.25625	1.18823655841172
1.61523023	1.30375	1.19074528436405
1.62023023	1.3025	1.19313195413369
1.62523023	1.304375	1.19552789629741
1.63023023	1.34625	1.1980273931354
1.63523023	1.385	1.20052265253521
1.64023023	1.3625	1.20286882970434
1.64523023	1.33875	1.20522198793193
1.65023023	1.326875	1.20762004277759
1.65523023	1.283125	1.20995723289271
1.66023023	1.320625	1.2125266860758
1.66523023	1.259375	1.2148776115376
1.67023023	1.16875	1.21719255434268
1.67523023	1.144375	1.21972061940012
1.68023023	1.108125	1.22226941125269
1.68523023	1.05375	1.22482848123438
1.69023023	1.00125	1.22745327351713
1.69523023	0.97875	1.23021892613896
1.70023023	0.98625	1.23312808746508
1.70523023	1.03375	1.23620762354581
1.71023023	1.159375	1.23955459045195
1.71523023	1.235625	1.24284427859873
1.72023023	1.259375	1.24606660863873
1.72523023	1.239375	1.24924057563239
1.73023023	1.149375	1.25229536575608
1.73523023	1.116875	1.25554979097441
1.74023023	1.15	1.25901899330304
1.74523023	1.186875	1.26254003706157
1.75023023	1.296875	1.26628314057409
1.75523023	1.37	1.26996319118805
1.76023023	1.39125	1.2735366366853
1.76523023	1.44375	1.27720961475287
1.77023023	1.55125	1.2810382008463
1.77523023	1.58375	1.2846888948852
1.78023023	1.556875	1.28819883850996
1.78523023	1.514375	1.29167747928414
1.79023023	1.6425	1.29559693929007
1.79523023	1.438125	1.29867968234992
1.80023023	1.324375	1.30200064668435
1.80523023	1.276875	1.30549893883102
1.81023023	1.23375	1.30901866894895
1.81523023	1.1875	1.31254201442801
1.82023023	1.189375	1.31620011195075
1.82523023	1.195625	1.31988246584763
1.83023023	1.225	1.32363668747665
1.83523023	1.243125	1.32737477352146
1.84023023	1.23875	1.33106662412089
1.84523023	1.28375	1.33489234897866
1.85023023	1.301875	1.33865510220773
1.85523023	1.355	1.34250796189235
1.86023023	1.381875	1.34629067926907
1.86523023	1.448125	1.35016459016513
1.87023023	1.486875	1.35395418356271
1.87523023	1.48125	1.35761066142653
1.88023023	1.55375	1.36143904701877
1.88523023	1.574375	1.36510333369586
1.89023023	1.58	1.36869148685601
1.89523023	1.635	1.37236168898839
1.90023023	1.65	1.37588223411791
1.90523023	1.5925	1.37916641521328
1.91023023	1.541875	1.38241223240012
1.91523023	1.51	1.38564696740033
1.92023023	1.505	1.38888906047008
1.92523023	1.551875	1.39220046953566
1.93023023	1.5525	1.39533116964079
1.93523023	1.5275	1.39833327460112
1.94023023	1.504375	1.40127694141982
1.94523023	1.514375	1.40424240823186
1.95023023	1.516875	1.40712795267422
1.95523023	1.5075	1.40992442394417
1.96023023	1.525	1.41273269789565
1.96523023	1.525625	1.41544470615065
1.97023023	1.560625	1.41819414327257
1.97523023	1.58	1.42085817642727
1.98023023	1.615	1.4235208449632
1.98523023	1.65625	1.4261636033754
1.99023023	1.695	1.42877004370619
1.99523023	1.72625	1.43133379331239
2.00023023	1.695	1.43372197582068
2.00523023	1.630625	1.43601631947268
2.01023023	1.579375	1.43834165377698
2.01523023	1.520625	1.44065312225104
2.02023023	1.471875	1.44300263666336
2.02523023	1.45125	1.44544349333157
2.03023023	1.453125	1.44796831052427
2.03523023	1.438125	1.4504834690358
2.04023023	1.403125	1.4529866943122
2.04523023	1.375	1.45555104922621
2.05023023	1.366875	1.45821373513924
2.05523023	1.375625	1.46096966238795
2.06023023	1.50125	1.46407451035124
2.06523023	1.46375	1.46681799843044
2.07023023	1.4675	1.46971866381136
2.07523023	1.528125	1.47281476332017
2.08023023	1.59375	1.47597222076602
2.08523023	1.57875	1.4789704219881
2.09023023	1.529375	1.48192287190515
2.09523023	1.5475	1.48508370776664
2.10023023	1.59	1.48833840835741
2.10523023	1.609375	1.49156097231302
2.11023023	1.631875	1.4948123859235
2.11523023	1.636875	1.49803441786516
2.12023023	1.789375	1.50164001585368
2.12523023	1.843125	1.50499778416162
2.13023023	1.865	1.50827124891015
2.13523023	1.7975	1.51130794268391
2.14023023	1.644375	1.51411065172812
2.14523023	1.61625	1.5172070721849
2.15023023	1.62125	1.52035631941292
2.15523023	1.633125	1.52348351038985
2.16023023	1.575625	1.52638604304789
2.16523023	1.590625	1.52941427523386
2.17023023	1.60375	1.53236848749849
2.17523023	1.59125	1.5351764383041
2.18023023	1.601875	1.53794887174004
2.18523023	1.645	1.540695462567
2.19023023	1.774375	1.54353752856295
2.19523023	1.94625	1.54634790633702
2.20023023	1.84375	1.54830518671221
2.20523023	1.788125	1.55020771751252
2.21023023	1.76375	1.5519982303681
2.21523023	1.765625	1.55364650889691
2.22023023	1.84	1.5552529020808
2.22523023	1.93375	1.556666260412
2.23023023	1.986875	1.55771921700942
2.23523023	2.1375	1.55874912762867
2.24023023	2.28	1.5594765061942
2.24523023	2.31	1.55962750062884
2.25023023	2.240625	1.55922941821092
2.25523023	2.25875	1.55875384991975
2.26023023	2.244375	1.55789653329363
2.26523023	2.26	1.55682008731432
2.27023023	2.263125	1.55542407241177
2.27523023	2.264375	1.55374645067458
2.28023023	2.286875	1.5518602932548
2.28523023	2.32125	1.54975927845023
2.29023023	2.063125	1.54669083421388
2.29523023	1.980625	1.54386623277081
2.30023023	2.051875	1.54125444767736
2.30523023	1.883125	1.53788153656402
2.31023023	1.6625	1.53425174519574
2.31523023	1.476875	1.53061236381652
2.32023023	1.419375	1.52722608726891
2.32523023	1.428125	1.52396101294696
2.33023023	1.41	1.5206043373016
2.33523023	1.425	1.51733005093661
2.34023023	1.37625	1.51391142993563
2.34523023	1.35875	1.51060626229243
2.35023023	1.49625	1.50774244853279
2.35523023	1.42375	1.50440388853482
2.36023023	1.344375	1.50111399022618
2.36523023	1.3825	1.49819321779856
2.37023023	1.511875	1.4955767028849
2.37523023	1.635	1.49301595069608
2.38023023	1.658125	1.49026947531854
2.38523023	1.668125	1.48755213196734
2.39023023	1.705	1.48495769969312
2.39523023	1.7225	1.48235913475523
2.40023023	1.695625	1.47968174546767
2.40523023	1.65125	1.47698115114907
2.41023023	1.64875	1.4743942589851
2.41523023	1.633125	1.4717664738495
2.42023023	1.6625	1.4692294649291
2.42523023	1.730625	1.46675055917659
2.43023023	1.7275	1.46403282805338
2.43523023	1.70875	1.46119911054412
2.44023023	1.686875	1.45826200246782
2.44523023	1.6775	1.45524131469193
2.45023023	1.7	1.45216568072263
2.45523023	1.72625	1.44894244914986
2.46023023	1.805	1.44567351669957
2.46523023	1.715625	1.44177619520304
2.47023023	1.789375	1.43806852228828
2.47523023	1.77125	1.43387948712343
2.48023023	1.8575	1.42968346146092
2.48523023	1.938125	1.42517691842976
2.49023023	2.00375	1.42031166802575
2.49523023	1.94125	1.41477607389542
2.50023023	1.928125	1.40899659530439
2.50523023	1.838125	1.40262879125546
2.51023023	1.8125	1.39600801706828
2.51523023	1.81125	1.38901023364293
2.52023023	1.98125	1.38198698481959
2.52523023	1.984375	1.37405969821761
2.53023023	2.05375	1.36580192360283
2.53523023	2.14625	1.35708771169546
2.54023023	2.280625	1.34795043935794
2.54523023	2.226875	1.33779436222005
2.55023023	2.115	1.32694055367281
2.55523023	2.155625	1.31591775066682
2.56023023	2.179375	1.30429294402454
2.56523023	2.22875	1.29217435473219
2.57023023	2.145	1.27916253927329
2.57523023	2.0375	1.26554222307438
2.58023023	1.943125	1.25141739000789
2.58523023	1.825625	1.23670962467184
2.59023023	1.815625	1.22176738432665
2.59523023	1.794375	1.20630892502387
2.60023023	1.928125	1.19077894526541
2.60523023	1.841875	1.17425039597541
2.61023023	1.715625	1.15720773189997
2.61523023	1.6175	1.13985334189938
2.62023023	1.605	1.12236432804337
2.62523023	1.458125	1.10421455709462
2.63023023	1.315625	1.08578985518778
2.63523023	1.258125	1.06732918565878
2.64023023	1.186875	1.04861646296823
2.64523023	1.0975	1.02967533409799
2.65023023	1.10125	1.01082284811006
2.65523023	1.13125	0.991923322821853
2.66023023	0.99375	0.972518235580709
2.66523023	0.95875	0.953325683379557
2.67023023	0.874375	0.933991486982475
2.67523023	0.808125	0.914717254058555
2.68023023	0.779375	0.895581041142898
2.68523023	0.699375	0.876384913578362
2.69023023	0.671875	0.857418205812376
2.69523023	0.6725	0.838643375403449
2.70023023	0.66125	0.819981640172148
2.70523023	0.6135	0.801391698211913
2.71023023	0.5501875	0.782946404095141
2.71523023	0.5166875	0.764779172850713
2.72023023	0.4673125	0.74679076795419
2.72523023	0.433375	0.729076101735156
2.73023023	0.4108125	0.711638977986625
2.73523023	0.382125	0.694447876486421
2.74023023	0.356125	0.677536968008862
2.74523023	0.3369375	0.660927485115769
2.75023023	0.3265625	0.644634307990788
2.75523023	0.3245	0.628665083917271
2.76023023	0.3415	0.613055201250935
2.76523023	0.3375625	0.597710411415196
2.77023023	0.3070625	0.582623005025174
2.77523023	0.2544375	0.567810096741616
2.78023023	0.20925	0.553351872979129
2.78523023	0.1714375	0.539252563103624
2.79023023	0.1265	0.525478979644266
2.79523023	0.03176875	0.511925622481109
2.80023023	0.002153125	0.498886279665285
2.80523023	0.0001088125	0.486266784206242
2.81023023	0	0.47400232225141
2.81523023	0	0.462087630819779
2.82023023	0	0.450520897593286
2.82523023	0	0.439299681316771
2.83023023	0	0.428420656226548
2.83523023	0	0.417879647398226
2.84023023	0	0.407671679727712
2.84523023	0	0.397791038802466
2.85023023	0	0.388231341391603
2.85523023	0	0.378985612982251
2.86023023	0	0.370046369701665
2.86523023	0	0.361405702058365
2.87023023	0	0.35305535816902
2.87523023	0	0.344986824465894
2.88023023	0	0.337191402259369
2.88523023	0	0.329660278924335
2.89023023	0	0.322384592859228
2.89523023	0	0.31535549171156
2.90023023	0	0.308564183661599
2.90523023	0	0.302001981800616
2.91023023	0	0.295660341831297
2.91523023	0	0.289530893458835
2.92023023	0	0.28360546593735
2.92523023	0	0.277876108294362
2.93023023	0	0.272335104783124
2.93523023	0	0.266974986115516
2.94023023	0	0.261788537012998
2.94523023	0	0.256768800585196
2.95023023	0	0.251909080009362
2.95523023	0	0.247202937942872
2.96023023	0	0.242644194057688
2.96523023	0	0.238226921042455
2.97023023	0	0.233945439376036
2.97523023	0	0.229794311136761
2.98023023	0	0.225768333075135
2.98523023	0	0.221862529144465
2.99023023	0	0.218072142653999
2.99523023	0	0.214392628182645
3.00023023	0	0.210819643367962
3.00523023	0	0.20734904066483
3.01023023	0	0.203976859150561
3.01523023	0	0.200699316438122
3.02023023	0	0.197512800746244
3.02523023	0	0.194413863164259
3.03023023	0	0.1913992101403
3.03523023	0	0.188465696213813
3.04023023	0	0.185610317006914
3.04523023	0	0.182830202483829
3.05023023	0	0.18012261048337
3.05523023	0	0.177484920525831
3.06023023	0	0.174914627892912
3.06523023	0	0.17240933797701
3.07023023	0	0.169966760894478
3.07523023	0	0.1675847063561
3.08023023	0	0.165261078787024
3.08523023	0	0.162993872687682
3.09023023	0	0.160781168226722
3.09523023	0	0.158621127056661
3.10023023	0	0.156511988342843
3.10523023	0	0.154452064996234
3.11023023	0	0.15243974010065
3.11523023	0	0.150473463525189
3.12023023	0	0.148551748712809
3.12523023	0	0.146673169636251
3.13023023	0	0.144836357912819
3.13523023	0	0.143040000069785
3.14023023	0	0.141282834952557
3.14523023	0	0.139563651268039
3.15023023	0	0.137881285255986
3.15523023	0	0.136234618481445
3.16023023	0	0.134622575741764
3.16523023	0	0.1330441230819
3.17023023	0	0.131498265912157
3.17523023	0	0.129984047222714
3.18023023	0	0.128500545889663
3.18523023	0	0.127046875067517
3.19023023	0	0.125622180663444
3.19523023	0	0.124225639888745
3.20023023	0	0.122856459883324
3.20523023	0	0.121513876409161
3.21023023	0	0.120197152609004
3.21523023	0	0.118905577826711
3.22023023	0	0.117638466485902
3.22523023	0	0.116395157023721
3.23023023	0	0.115175010876743
3.23523023	0	0.113977411516207
3.24023023	0	0.112801763529893
3.24523023	0	0.111647491748181
3.25023023	0	0.110514040411884
3.25523023	0	0.10940087237967
3.26023023	0	0.108307468372946
3.26523023	0	0.10723332625624
3.27023023	0	0.106177960351207
3.27523023	0	0.105140900782505
3.28023023	0	0.104121692853875
3.28523023	0	0.103119896452861
3.29023023	0	0.102135085482697
3.29523023	0	0.101166847319956
3.30023023	0	0.100214782296653
3.30523023	0	0.0992785032055535
3.31023023	0	0.0983576348275224
3.31523023	0	0.0974518134797901
3.32023023	0	0.0965606865841027
3.32523023	0	0.0956839122537588
3.33023023	0	0.0948211588986
3.33523023	0	0.0939721048470683
3.34023023	0	0.0931364379844984
3.34523023	0	0.0923138554068497
3.35023023	0	0.0915040630891311
3.35523023	0	0.0907067755678119
3.36023023	0	0.0899217156365452
3.36523023	0	0.0891486140545718
3.37023023	0	0.0883872092672019
3.37523023	0	0.0876372471378057
3.38023023	0	0.0868984806907723
3.38523023	0	0.0861706698649264
3.39023023	0	0.0854535812769172
3.39523023	0	0.0847469879941198
3.40023023	0	0.0840506693166115
3.40523023	0	0.0833644105678119
3.41023023	0	0.0826880028933898
3.41523023	0	0.0820212430680677
3.42023023	0	0.081363933309967
3.42523023	0	0.0807158811021584
3.43023023	0	0.0800768990210976
3.43523023	0	0.0794468045716427
3.44023023	0	0.0788254200283638
3.44523023	0	0.0782125722828706
3.45023023	0	0.0776080926968964
3.45523023	0	0.0770118169608908
3.46023023	0	0.0764235849578825
3.46523023	0	0.0758432406323905
3.47023023	0	0.0752706318641646
3.47523023	0	0.0747056103465561
3.48023023	0	0.0741480314693205
3.48523023	0	0.073597754205668
3.49023023	0	0.0730546410033861
3.49523023	0	0.0725185576798648
3.50023023	0	0.0719893733208639
3.50523023	0	0.0714669601828705
3.51023023	0	0.0709511935988979
3.51523023	0	0.0704419518875904
3.52023023	0	0.0699391162654971
3.52523023	0	0.0694425707623906
3.53023023	0	0.0689522021395065
3.53523023	0	0.0684678998105912
3.54023023	0	0.0679895557656437
3.54523023	0	0.0675170644972487
3.55023023	0	0.0670503229293978
3.55523023	0	0.0665892303487027
3.56023023	0	0.0661336883379091
3.56523023	0	0.0656836007116206
3.57023023	0	0.0652388734541502
3.57523023	0	0.0647994146594174
3.58023023	0	0.0643651344728135
3.58523023	0	0.0639359450349602
3.59023023	0	0.0635117604272935
3.59523023	0	0.0630924966193999
3.60023023	0	0.0626780714180445
3.60523023	0	0.0622684044178261
3.61023023	0	0.0618634169533995
3.61523023	0	0.0614630320532086
3.62023023	0	0.0610671743946749
3.62523023	0	0.0606757702607883
3.63023023	0	0.0602887474980499
3.63523023	0	0.0599060354757194
3.64023023	0	0.0595275650463173
3.64523023	0	0.0591532685073425
3.65023023	0	0.0587830795641563
3.65523023	0	0.0584169332939971
3.66023023	0	0.0580547661110822
3.66523023	0	0.0576965157327619
3.67023023	0	0.0573421211466862
3.67523023	0	0.0569915225789527
3.68023023	0	0.0566446614631986
3.68523023	0	0.0563014804106069
3.69023023	0	0.0559619231807944
3.69523023	0	0.0556259346535521
3.70023023	0	0.0552934608014086
3.70523023	0	0.0549644486629902
3.71023023	0	0.0546388463171495
3.71523023	0	0.0543166028578378
3.72023023	0	0.0539976683696965
3.72523023	0	0.053681993904343
3.73023023	0	0.0533695314573308
3.73523023	0	0.0530602339457575
3.74023023	0	0.052754055186504
3.74523023	0	0.0524509498750816
3.75023023	0	0.0521508735650683
3.75523023	0	0.0518537826481156
3.76023023	0	0.0515596343345064
3.76523023	0	0.0512683866342495
3.77023023	0	0.0509799983386883
3.77523023	0	0.0506944290026134
3.78023023	0	0.0504116389268588
3.78523023	0	0.0501315891413697
3.79023023	0	0.0498542413887239
3.79523023	0	0.0495795581080968
3.80023023	0	0.0493075024196517
3.80523023	0	0.0490380381093465
3.81023023	0	0.0487711296141418
3.81523023	0	0.0485067420075977
3.82023023	0	0.0482448409858488
3.82523023	0	0.0479853928539464
3.83023023	0	0.0477283645125545
3.83523023	0	0.0474737234449906
3.84023023	0	0.0472214377046022
3.84523023	0	0.0469714759024654
3.85023023	0	0.0467238071953997
3.85523023	0	0.0464784012742884
3.86023023	0	0.0462352283526934
3.86523023	0	0.0459942591557606
3.87023023	0	0.0457554649094017
3.87523023	0	0.0455188173297497
3.88023023	0	0.0452842886128759
3.88523023	0	0.0450518514247639
3.89023023	0	0.0448214788915308
3.89523023	0	0.0445931445898912
3.90023023	0	0.0443668225378539
3.90523023	0	0.0441424871856479
3.91023023	0	0.0439201134068686
3.91523023	0	0.0436996764898399
3.92023023	0	0.0434811521291845
3.92523023	0	0.043264516417598
3.93023023	0	0.0430497458378207
3.93523023	0	0.0428368172548008
3.94023023	0	0.0426257079080448
3.94523023	0	0.0424163954041496
3.95023023	0	0.0422088577095104
3.95523023	0	0.0420030731432018
3.96023023	0	0.0417990203700248
3.96523023	0	0.0415966783937169
3.97023023	0	0.0413960265503205
3.97523023	0	0.041197044501705
3.98023023	0	0.0409997122292385
3.98523023	0	0.0408040100276059
3.99023023	0	0.0406099184987684
3.99523023	0	0.0404174185460616
4.00023023	0	0.0402264913684277
4.00523023	0	0.0400371184547786
4.01023023	0	0.0398492815784872
4.01523023	0	0.0396629627920021
4.02023023	0	0.0394781444215835
4.02523023	0	0.0392948090621575
4.03023023	0	0.039112939572284
4.03523023	0	0.0389325190692376
4.04023023	0	0.0387535309241966
4.04523023	0	0.0385759587575386
4.05023023	0	0.0383997864342392
4.05523023	0	0.0382249980593721
4.06023023	0	0.0380515779737066
4.06523023	0	0.0378795107494016
4.07023023	0	0.0377087811857926
4.07523023	0	0.0375393743052699
4.08023023	0	0.0373712753492456
4.08523023	0	0.0372044697742066
4.09023023	0	0.037038943247853
4.09523023	0	0.0368746816453177
4.10023023	0	0.0367116710454674
4.10523023	0	0.0365498977272807
4.11023023	0	0.0363893481663037
4.11523023	0	0.0362300090311796
4.12023023	0	0.0360718671802507
4.12523023	0	0.0359149096582324
4.13023023	0	0.035759123692955
4.13523023	0	0.0356044966921747
4.14023023	0	0.0354510162404488
4.14523023	0	0.0352986700960771
4.15023023	0	0.0351474461881046
4.15523023	0	0.0349973326133864
4.16023023	0	0.0348483176337123
4.16523023	0	0.03470038967299
4.17023023	0	0.034553537314485
4.17523023	0	0.0344077492981169
4.18023023	0	0.0342630145178098
4.18523023	0	0.0341193220188952
4.19023023	0	0.0339766609955689
4.19523023	0	0.0338350207883962
4.20023023	0	0.0336943908818684
4.20523023	0	0.0335547609020072
4.21023023	0	0.0334161206140162
