#VV_energy_vs_Ef	VV_edos	VV_edos_elph1000K
-7.69603037	0	0.0128121797807501
-7.69103037	0	0.0128400070730855
-7.68603037	0	0.0128679604727016
-7.68103037	0	0.0128960410406451
-7.67603037	0	0.0129242498519387
-7.67103037	0	0.0129525879958312
-7.66603037	0	0.0129810565760517
-7.66103037	0	0.0130096567110716
-7.65603037	0	0.0130383895343703
-7.65103037	0	0.0130672561947081
-7.64603037	0	0.0130962578564051
-7.64103037	0	0.0131253956996266
-7.63603037	0	0.0131546709206738
-7.63103037	0	0.0131840847322829
-7.62603037	0	0.01321363836393
-7.62103037	0	0.0132433330621428
-7.61603037	0	0.0132731700908206
-7.61103037	0	0.0133031507315608
-7.60603037	0	0.013333276283993
-7.60103037	0	0.0133635480661217
-7.59603037	0	0.0133939674146763
-7.59103037	0	0.0134245356854698
-7.58603037	0	0.0134552542537657
-7.58103037	0	0.0134861245146538
-7.57603037	0	0.0135171478834353
-7.57103037	0	0.0135483257960166
-7.56603037	0	0.0135796597093126
-7.56103037	0	0.0136111511016602
-7.55603037	0	0.0136428014732422
-7.55103037	0	0.0136746123465201
-7.54603037	0	0.0137065852666789
-7.54103037	0	0.0137387218020826
-7.53603037	0	0.0137710235447403
-7.53103037	0	0.013803492110785
-7.52603037	0	0.0138361291409629
-7.52103037	0	0.0138689363011364
-7.51603037	0	0.013901915282799
-7.51103037	0	0.0139350678036033
-7.50603037	0	0.0139683956079025
-7.50103037	0	0.0140019004673057
-7.49603037	0	0.0140355841812475
-7.49103037	0	0.0140694485775721
-7.48603037	0	0.0141034955131325
-7.48103037	0	0.0141377268744056
-7.47603037	0	0.014172144578123
-7.47103037	0	0.0142067505719182
-7.46603037	0	0.0142415468349916
-7.46103037	0	0.0142765353787916
-7.45603037	0	0.0143117182477158
-7.45103037	0	0.0143470975198291
-7.44603037	0	0.014382675307602
-7.44103037	0	0.0144184537586685
-7.43603037	0	0.0144544350566046
-7.43103037	0	0.0144906214217277
-7.42603037	0	0.0145270151119182
-7.42103037	0	0.0145636184234633
-7.41603037	0	0.0146004336919241
-7.41103037	0	0.0146374632930268
-7.40603037	0	0.0146747096435785
-7.40103037	0	0.0147121752024088
-7.39603037	0	0.0147498624713376
-7.39103037	0	0.0147877739961702
-7.38603037	0	0.0148259123677207
-7.38103037	0	0.0148642802228643
-7.37603037	0	0.0149028802456198
-7.37103037	0	0.0149417151682633
-7.36603037	0	0.0149807877724738
-7.36103037	0	0.015020100890512
-7.35603037	0	0.0150596574064334
-7.35103037	0	0.0150994602573376
-7.34603037	0	0.0151395124346525
-7.34103037	0	0.0151798169854591
-7.33603037	0	0.0152203770138528
-7.33103037	0	0.0152611956823473
-7.32603037	0	0.0153022762133197
-7.32103037	0	0.0153436218904991
-7.31603037	0	0.0153852360605005
-7.31103037	0	0.0154271221344052
-7.30603037	0	0.0154692835893887
-7.30103037	0	0.0155117239704005
-7.29603037	0	0.0155544468918927
-7.29103037	0	0.0155974560396054
-7.28603037	0	0.0156407551724049
-7.28103037	0	0.015684348124181
-7.27603037	0	0.0157282388058034
-7.27103037	0	0.0157724312071397
-7.26603037	0	0.0158169293991376
-7.26103037	0	0.0158617375359733
-7.25603037	0	0.0159068598572694
-7.25103037	0	0.0159523006903824
-7.24603037	0	0.0159980644527664
-7.24103037	0	0.016044155654412
-7.23603037	0	0.0160905789003652
-7.23103037	0	0.0161373388933293
-7.22603037	0	0.0161844404363519
-7.22103037	0	0.0162318884356013
-7.21603037	0	0.0162796879032355
-7.21103037	0	0.016327843960366
-7.20603037	0	0.0163763618401227
-7.20103037	0	0.0164252468908207
-7.19603037	0	0.0164745045792358
-7.19103037	0	0.0165241404939904
-7.18603037	0	0.016574160349056
-7.18103037	0	0.0166245699873763
-7.17603037	0	0.0166753753846143
-7.17103037	0	0.0167265826530309
-7.16603037	0	0.0167781980454978
-7.16103037	0	0.0168302279596511
-7.15603037	0	0.0168826789421915
-7.15103037	0	0.0169355576933354
-7.14603037	0	0.0169888710714254
-7.14103037	0	0.0170426260977042
-7.13603037	0	0.01709682996126
-7.13103037	0	0.0171514900241495
-7.12603037	0	0.0172066138267062
-7.12103037	0	0.0172622090930414
-7.11603037	0	0.0173182837367455
-7.11103037	0	0.0173748458667979
-7.10603037	0	0.0174319037936947
-7.10103037	0	0.0174894660358009
-7.09603037	0	0.0175475413259403
-7.09103037	0	0.0176061386182285
-7.08603037	0	0.0176652670951616
-7.08103037	0	0.0177249361749711
-7.07603037	0	0.017785155519255
-7.07103037	0	0.0178459350408968
-7.06603037	0	0.0179072849122852
-7.06103037	0	0.0179692155738453
-7.05603037	0	0.0180317377428962
-7.05103037	0	0.0180948624228469
-7.04603037	0	0.0181586009127448
-7.04103037	0	0.0182229648171926
-7.03603037	0	0.0182879660566474
-7.03103037	0	0.0183536168781176
-7.02603037	0	0.0184199298662762
-7.02103037	0	0.018486917955005
-7.01603037	0	0.0185545944393883
-7.01103037	0	0.0186229729881753
-7.00603037	0	0.0186920676567294
-7.00103037	0	0.0187618929004829
-6.99603037	0	0.0188324635889212
-6.99103037	0	0.0189037950201126
-6.98603037	0	0.0189759029358096
-6.98103037	0	0.019048803537142
-6.97603037	0	0.0191225135009247
-6.97103037	0	0.0191970499966054
-6.96603037	0	0.0192724307038748
-6.96103037	0	0.0193486738309653
-6.95603037	0	0.0194257981336632
-6.95103037	0	0.0195038229350595
-6.94603037	0	0.0195827681460673
-6.94103037	0	0.0196626542867303
-6.93603037	0	0.0197435025083502
-6.93103037	0	0.0198253346164598
-6.92603037	0	0.0199081730946678
-6.92103037	0	0.0199920411294019
-6.91603037	0	0.020076962635577
-6.91103037	0	0.0201629622832116
-6.90603037	0	0.0202500655250186
-6.90103037	0	0.0203382986249925
-6.89603037	0	0.0204276886880129
-6.89103037	0	0.0205182636904856
-6.88603037	0	0.020610052512035
-6.88103037	0	0.0207030849682621
-6.87603037	0	0.0207973918445774
-6.87103037	0	0.0208930049311115
-6.86603037	0	0.0209899570587043
-6.86103037	0	0.0210882821359635
-6.85603037	0	0.0211880151873783
-6.85103037	0	0.0212891923924635
-6.84603037	0	0.021391851125901
-6.84103037	0	0.0214960299986311
-6.83603037	0	0.021601768899836
-6.83103037	0	0.0217091090397389
-6.82603037	0	0.0218180929931274
-6.82103037	0	0.021928764743487
-6.81603037	0	0.022041169727611
-6.81103037	0	0.022155354880523
-6.80603037	0	0.0222713686805223
-6.80103037	0	0.0223892611941285
-6.79603037	0	0.0225090841206635
-6.79103037	0	0.0226308908361693
-6.78603037	0	0.0227547364363129
-6.78103037	0	0.0228806777778761
-6.77603037	0	0.0230087735183763
-6.77103037	0	0.0231390841532929
-6.76603037	0	0.0232716720503133
-6.76103037	0	0.0234066014799268
-6.75603037	0	0.0235439386416195
-6.75103037	0	0.0236837516848259
-6.74603037	0	0.0238261107236986
-6.74103037	0	0.0239710878446509
-6.73603037	0	0.0241187571055127
-6.73103037	0	0.024269194525024
-6.72603037	0	0.0244224780612647
-6.72103037	0	0.0245786875774856
-6.71603037	0	0.0247379047936818
-6.71103037	0	0.0249002132221069
-6.70603037	0	0.0250656980848034
-6.70103037	0	0.0252344462110958
-6.69603037	0	0.0254065459128759
-6.69103037	0	0.025582086835416
-6.68603037	0	0.0257611597813619
-6.68103037	0	0.0259438565055115
-6.67603037	0	0.0261302694779759
-6.67103037	0	0.0263204916133533
-6.66603037	0	0.0265146159636434
-6.66103037	0	0.0267127353727959
-6.65603037	0	0.0269149420910337
-6.65103037	0	0.0271213273474333
-6.64603037	0	0.0273319808796988
-6.64103037	0	0.027546990420631
-6.63603037	0	0.0277664411414936
-6.63103037	0	0.0279904150533111
-6.62603037	0	0.0282189903681045
-6.62103037	0	0.0284522408231772
-6.61603037	0	0.028690234972798
-6.61103037	0	0.0289330354529687
-6.60603037	0	0.029180698226394
-6.60103037	0	0.0294332718162343
-6.59603037	0	0.0296907965386999
-6.59103037	0	0.0299533037459528
-6.58603037	0	0.0302208150920665
-6.58103037	0	0.0304933418358834
-6.57603037	0	0.0307708841954187
-6.57103037	0	0.0310534307689138
-6.56603037	0	0.0313409580376699
-6.56103037	0	0.0316334299653363
-6.55603037	0	0.0319307977073346
-6.55103037	0	0.0322329994425567
-6.54603037	0	0.0325399603373898
-6.54103037	0	0.0328515926495216
-6.53603037	0	0.0331677959759488
-6.53103037	0	0.0334884576462449
-6.52603037	0	0.0338134532585652
-6.52103037	0.00346375	0.0341514998883411
-6.51603037	0.00624625	0.034491858163522
-6.51103037	0.00805	0.034833612677587
-6.50603037	0.00929375	0.0351776702572683
-6.50103037	0.0102125	0.0355244608641211
-6.49603037	0.01151875	0.0358756287465436
-6.49103037	0.013025	0.0362305130620865
-6.48603037	0.01371875	0.0365863407685945
-6.48103037	0.01435625	0.0369448568494439
-6.47603037	0.01493125	0.0373058562132734
-6.47103037	0.01574375	0.0376699163126232
-6.46603037	0.01664375	0.0380364654324477
-6.46103037	0.0175625	0.0384051414581212
-6.45603037	0.0184875	0.0387757289176157
-6.45103037	0.0188875	0.0391466902632131
-6.44603037	0.0193625	0.0395193836391976
-6.44103037	0.019875	0.0398935430255652
-6.43603037	0.020475	0.0402691317263816
-6.43103037	0.02109375	0.0406458157040955
-6.42603037	0.02170625	0.0410233792594407
-6.42103037	0.02231875	0.0414016933635921
-6.41603037	0.02300625	0.041780811695833
-6.41103037	0.02373125	0.0421605075311192
-6.40603037	0.0241125	0.0425396827702811
-6.40103037	0.0245125	0.0429191473256482
-6.39603037	0.02493125	0.0432987917398536
-6.39103037	0.02538125	0.043678545486945
-6.38603037	0.02585625	0.0440582969536696
-6.38103037	0.02633125	0.0444378932554501
-6.37603037	0.02681875	0.0448172837874364
-6.37103037	0.02734375	0.0451964560984414
-6.36603037	0.02789375	0.045575307854781
-6.36103037	0.02845	0.0459537264488024
-6.35603037	0.0290125	0.0463316526265909
-6.35103037	0.0293625	0.046708473223221
-6.34603037	0.0297	0.0470846501929466
-6.34103037	0.03004375	0.0474601868802328
-6.33603037	0.0304375	0.0478351548814945
-6.33103037	0.03085	0.0482094382091072
-6.32603037	0.03125	0.0485829247217189
-6.32103037	0.03165625	0.0489556336686662
-6.31603037	0.03208125	0.0493275716933079
-6.31103037	0.03251875	0.0496987006608289
-6.30603037	0.0329625	0.0500689853638256
-6.30103037	0.03340625	0.0504383933175562
-6.29603037	0.03385625	0.0508069265126255
-6.29103037	0.03431875	0.0511745892838134
-6.28603037	0.034675	0.0515410686653328
-6.28103037	0.0350125	0.0519065808244926
-6.27603037	0.03533125	0.0522711201510013
-6.27103037	0.035675	0.0526347945564048
-6.26603037	0.03603125	0.0529975697615921
-6.26103037	0.03638125	0.0533593969579855
-6.25603037	0.03671875	0.0537202606093859
-6.25103037	0.037075	0.0540802422353438
-6.24603037	0.0374375	0.0544393126519392
-6.24103037	0.03781875	0.0547975075847368
-6.23603037	0.03820625	0.0551547997912652
-6.23103037	0.03859375	0.0555111788459011
-6.22603037	0.0389875	0.0558666670365521
-6.22103037	0.0393875	0.0562212713727283
-6.21603037	0.03979375	0.056574999492923
-6.21103037	0.04015625	0.0569277318148975
-6.20603037	0.040475	0.0572794770553579
-6.20103037	0.0407625	0.0576302763358438
-6.19603037	0.0410625	0.0579802510543137
-6.19103037	0.04136875	0.0583293951836703
-6.18603037	0.04168125	0.0586777189915725
-6.18103037	0.04199375	0.0590252170545192
-6.17603037	0.0423125	0.0593719161427099
-6.17103037	0.04264375	0.0597178432401344
-6.16603037	0.0429875	0.0600630095409961
-6.16103037	0.04333125	0.0604073944487824
-6.15603037	0.043675	0.0607510094455202
-6.15103037	0.04401875	0.0610938661220881
-6.14603037	0.0443625	0.0614359761577094
-6.14103037	0.0447125	0.0617773672748629
-6.13603037	0.04506875	0.0621180512752378
-6.13103037	0.04543125	0.062458039997742
-6.12603037	0.0457875	0.0627973133571228
-6.12103037	0.04608125	0.0631357394630206
-6.11603037	0.04636875	0.0634734739461426
-6.11103037	0.04664375	0.0638105126875989
-6.10603037	0.0469375	0.064146947384772
-6.10103037	0.047225	0.0644827259381711
-6.09603037	0.04751875	0.0648178920452687
-6.09103037	0.0478125	0.0651524414301927
-6.08603037	0.04811875	0.0654864176774256
-6.08103037	0.048425	0.0658198004104595
-6.07603037	0.0487375	0.0661526171010583
-6.07103037	0.04904375	0.066484847223581
-6.06603037	0.04935	0.0668165180928811
-6.06103037	0.04965625	0.0671476409678506
-6.05603037	0.049975	0.0674782589707112
-6.05103037	0.0503	0.0678083672188246
-6.04603037	0.05063125	0.0681379767190336
-6.04103037	0.05096875	0.0684670983947852
-6.03603037	0.0513	0.0687957111399905
-6.03103037	0.05164375	0.0691238736348325
-6.02603037	0.05194375	0.0694514527965016
-6.02103037	0.05221875	0.0697785071448516
-6.01603037	0.05248125	0.0701050791467151
-6.01103037	0.05275	0.0704312271629465
-6.00603037	0.053025	0.0707569615538431
-6.00103037	0.0533	0.0710822766255051
-5.99603037	0.053575	0.0714071825759942
-5.99103037	0.05385	0.0717316895208222
-5.98603037	0.05413125	0.0720558234656338
-5.98103037	0.054425	0.0723796103320923
-5.97603037	0.05471875	0.0727030280371225
-5.97103037	0.05500625	0.0730260703875064
-5.96603037	0.0553	0.0733487790280388
-5.96103037	0.05559375	0.0736711476020481
-5.95603037	0.0559	0.0739932175950484
-5.95103037	0.05620625	0.0743149665229449
-5.94603037	0.05650625	0.07463638780316
-5.94103037	0.05681875	0.0749575386789414
-5.93603037	0.057125	0.0752783804877122
-5.93103037	0.05743125	0.0755989384000769
-5.92603037	0.05774375	0.0759192375289029
-5.92103037	0.05805	0.0762392550114066
-5.91603037	0.05830625	0.0765588880640913
-5.91103037	0.05855625	0.0768782574812623
-5.90603037	0.0588125	0.0771974041381916
-5.90103037	0.05908125	0.0775163528849399
-5.89603037	0.05935	0.07783508059825
-5.89103037	0.05961875	0.0781535960476973
-5.88603037	0.0598875	0.0784719079467235
-5.88103037	0.0601625	0.0787900409241969
-5.87603037	0.0604375	0.0791079876019625
-5.87103037	0.0607125	0.0794257565140368
-5.86603037	0.0609875	0.0797433561322709
-5.86103037	0.0612625	0.0800607948663826
-5.85603037	0.06154375	0.0803780970384997
-5.85103037	0.061825	0.0806952549645964
-5.84603037	0.06210625	0.0810122768782455
-5.84103037	0.06239375	0.0813291869347695
-5.83603037	0.0626875	0.0816459932692056
-5.83103037	0.0629375	0.0819625761872889
-5.82603037	0.06325	0.082279215298531
-5.82103037	0.0635625	0.0825957588985868
-5.81603037	0.063875	0.0829122149966494
-5.81103037	0.064125	0.08322843185069
-5.80603037	0.0644375	0.0835447369145122
-5.80103037	0.06475	0.0838609784299207
-5.79603037	0.065	0.0841770046365083
-5.79103037	0.06525	0.0844929832449129
-5.78603037	0.0655	0.0848089222318758
-5.78103037	0.06575	0.0851248295757781
-5.77603037	0.066	0.0854407132557359
-5.77103037	0.06625	0.085756581249817
-5.76603037	0.0665	0.0860724415325982
-5.76103037	0.0668125	0.0863884618077251
-5.75603037	0.0670625	0.0867043305633093
-5.75103037	0.0673125	0.0870202154814998
-5.74603037	0.0675625	0.0873361244943913
-5.74103037	0.067875	0.0876522252529422
-5.73603037	0.068125	0.0879682061842133
-5.73103037	0.068375	0.0882842349034714
-5.72603037	0.0686875	0.0886004790084983
-5.72103037	0.0689375	0.0889166268746757
-5.71603037	0.06925	0.0892330058047457
-5.71103037	0.0695	0.0895493041479245
-5.70603037	0.0698125	0.0898658491856401
-5.70103037	0.070125	0.0901824889860236
-5.69603037	0.070375	0.0904990716119321
-5.69103037	0.0706875	0.0908159243280783
-5.68603037	0.0709375	0.0911327354528768
-5.68103037	0.07125	0.0914498322397714
-5.67603037	0.0715	0.0917669029902042
-5.67103037	0.07175	0.0920841151955028
-5.66603037	0.072	0.0924014765869661
-5.66103037	0.07225	0.0927189948604635
-5.65603037	0.0725	0.0930366776630177
-5.65103037	0.07275	0.0933545325767287
-5.64603037	0.073	0.0936725671000121
-5.64103037	0.07325	0.0939907886261694
-5.63603037	0.0735625	0.0943093641546967
-5.63103037	0.0738125	0.0946279813229366
-5.62603037	0.0740625	0.0949468067891067
-5.62103037	0.074375	0.0952660069940053
-5.61603037	0.074625	0.0955852689199175
-5.61103037	0.074875	0.095904758465235
-5.60603037	0.075125	0.0962244814619043
-5.60103037	0.0754375	0.0965446031018946
-5.59603037	0.0756875	0.096864808947538
-5.59103037	0.076	0.0971854230272279
-5.58603037	0.07625	0.0975061298955906
-5.58103037	0.0765	0.0978270927198293
-5.57603037	0.0768125	0.0981484740067687
-5.57103037	0.0770625	0.0984699563242691
-5.56603037	0.0773125	0.0987917006354084
-5.56103037	0.077625	0.0991138670080039
-5.55603037	0.0779375	0.0994362950535501
-5.55103037	0.0781875	0.0997588233020445
-5.54603037	0.0785	0.100081768306996
-5.54103037	0.07875	0.100404806392039
-5.53603037	0.079	0.100728091690077
-5.53103037	0.07925	0.101051617091513
-5.52603037	0.0795	0.101375373870199
-5.52103037	0.07975	0.101699351577331
-5.51603037	0.0800625	0.102023697677341
-5.51103037	0.0803125	0.102348078517157
-5.50603037	0.0805625	0.102672637664257
-5.50103037	0.0808125	0.102997356910342
-5.49603037	0.0810625	0.103322215977106
-5.49103037	0.0813125	0.103647192517467
-5.48603037	0.081625	0.10397242188915
-5.48103037	0.081875	0.10429755829439
-5.47603037	0.082125	0.104622733322906
-5.47103037	0.082375	0.104947917195784
-5.46603037	0.0826875	0.105273238481828
-5.46103037	0.0829375	0.105598345465633
-5.45603037	0.08325	0.105923524672012
-5.45103037	0.0835	0.106248423427371
-5.44603037	0.0838125	0.106573328254601
-5.44103037	0.0840625	0.10689788756528
-5.43603037	0.084375	0.107222390176225
-5.43103037	0.084625	0.10754648810883
-5.42603037	0.0849375	0.107870475192694
-5.42103037	0.0851875	0.108194009926434
-5.41603037	0.0855	0.108517394111976
-5.41103037	0.08575	0.108840295710613
-5.40603037	0.0860625	0.109163027433421
-5.40103037	0.094125	0.109505236437362
-5.39603037	0.0966875	0.109833065559823
-5.39103037	0.0936875	0.110146369332666
-5.38603037	0.093375	0.110466254988978
-5.38103037	0.09375	0.110787641284279
-5.37603037	0.0930625	0.111106094134866
-5.37103037	0.0924375	0.111424535439071
-5.36603037	0.0919375	0.111743179518953
-5.36103037	0.091875	0.112062887172387
-5.35603037	0.0918125	0.112382609354882
-5.35103037	0.0916875	0.112702261712781
-5.34603037	0.090875	0.113020327708186
-5.34103037	0.090375	0.113339448390737
-5.33603037	0.09	0.113659233233895
-5.33103037	0.08975	0.113979773163457
-5.32603037	0.0895	0.114300840675925
-5.32103037	0.08925	0.114622527548579
-5.31603037	0.0890625	0.114945083873658
-5.31103037	0.0888125	0.115268277915604
-5.30603037	0.088125	0.115591235231095
-5.30103037	0.087625	0.115915632314878
-5.29603037	0.0873125	0.116241542522672
-5.29103037	0.087	0.116568553388407
-5.28603037	0.0866875	0.116896724348697
-5.28103037	0.086375	0.117226107003796
-5.27603037	0.086125	0.117556904483231
-5.27103037	0.0858125	0.117888832300685
-5.26603037	0.0855625	0.118222236462999
-5.26103037	0.085	0.118556176764944
-5.25603037	0.0915	0.118909512130163
-5.25103037	0.094875	0.11925620817358
-5.24603037	0.0943125	0.119594183677998
-5.24103037	0.0945625	0.119935567348074
-5.23603037	0.09525	0.12027938374473
-5.23103037	0.096375	0.120625610742224
-5.22603037	0.0958125	0.120968790884512
-5.22103037	0.095875	0.121314804385472
-5.21603037	0.0963125	0.12166297953738
-5.21103037	0.096875	0.122012642610271
-5.20603037	0.0973125	0.122363118559347
-5.20103037	0.09725	0.122713412209624
-5.19603037	0.0973125	0.123065084088078
-5.19103037	0.0975	0.123418097831612
-5.18603037	0.097875	0.123772577735469
-5.18103037	0.09825	0.124128010464952
-5.17603037	0.098625	0.124484363523089
-5.17103037	0.0990625	0.124841766033829
-5.16603037	0.0995625	0.125200189463722
-5.16103037	0.0995	0.125558010139563
-5.15603037	0.0996875	0.125917280602692
-5.15103037	0.1	0.126277659705422
-5.14603037	0.100375	0.126638968381368
-5.14103037	0.1005625	0.127000550675771
-5.13603037	0.100875	0.127363190516079
-5.13103037	0.10125	0.127726715605653
-5.12603037	0.101625	0.12809095574474
-5.12103037	0.102	0.128455902462379
-5.11603037	0.102125	0.128820910227461
-5.11103037	0.1023125	0.129186772891733
-5.10603037	0.102625	0.129553647009516
-5.10103037	0.1029375	0.129921211452435
-5.09603037	0.10325	0.130289465966812
-5.09103037	0.1035625	0.130658411585633
-5.08603037	0.103875	0.131028050514781
-5.08103037	0.10425	0.131398545758951
-5.07603037	0.1045625	0.131769582075421
-5.07103037	0.104875	0.132141324287235
-5.06603037	0.1051875	0.132513778248016
-5.06103037	0.1051875	0.132886151812724
-5.05603037	0.1054375	0.133259889728798
-5.05103037	0.1056875	0.133634360704884
-5.04603037	0.106	0.134009732578977
-5.04103037	0.1063125	0.134385854107626
-5.03603037	0.106625	0.134762734115283
-5.03103037	0.1069375	0.135140381707982
-5.02603037	0.10725	0.135518806228167
-5.02103037	0.107625	0.135898176950428
-5.01603037	0.108	0.136278343840815
-5.01103037	0.1083125	0.136659156998066
-5.00603037	0.1086875	0.13704094583475
-5.00103037	0.1089375	0.13742324117313
-4.99603037	0.1091875	0.137806372582093
-4.99103037	0.109375	0.138190190480211
-4.98603037	0.109625	0.138575024537536
-4.98103037	0.1099375	0.138960884990648
-4.97603037	0.1101875	0.139347462637108
-4.97103037	0.1105	0.13973508724439
-4.96603037	0.1108125	0.140123609400277
-4.96103037	0.1111875	0.140513199189552
-4.95603037	0.1115	0.140903547517743
-4.95103037	0.1118125	0.141294824525123
-4.94603037	0.1121875	0.141687200382588
-4.94103037	0.1125	0.142080366087737
-4.93603037	0.112875	0.142474651614944
-4.93103037	0.113125	0.14286958829865
-4.92603037	0.113375	0.143265506188806
-4.92103037	0.1136875	0.143662575639154
-4.91603037	0.114	0.144060647571711
-4.91103037	0.1143125	0.144459732681969
-4.90603037	0.114625	0.144859841701592
-4.90103037	0.114875	0.145260825660262
-4.89603037	0.115125	0.145662855088393
-4.89103037	0.1154375	0.146066100542241
-4.88603037	0.11575	0.146470413128613
-4.88103037	0.116125	0.146875963441827
-4.87603037	0.1164375	0.147282442882115
-4.87103037	0.11675	0.147690022063784
-4.86603037	0.1170625	0.148098711869903
-4.86103037	0.1174375	0.148508682920225
-4.85603037	0.1176875	0.14891946689227
-4.85103037	0.118	0.149331553874653
-4.84603037	0.11825	0.149744635278222
-4.84103037	0.1185625	0.150159041456668
-4.83603037	0.118875	0.150574623562063
-4.83103037	0.11925	0.150991552226645
-4.82603037	0.1195625	0.151409518891844
-4.82103037	0.1199375	0.151828853963329
-4.81603037	0.12025	0.152249248935963
-4.81103037	0.1205625	0.152670874550582
-4.80603037	0.120875	0.153093741861813
-4.80103037	0.12125	0.153518021718544
-4.79603037	0.1215625	0.15394340583189
-4.79103037	0.1219375	0.154370224932255
-4.78603037	0.12225	0.154798170894697
-4.78103037	0.122625	0.155227574629887
-4.77603037	0.1229375	0.155658128207517
-4.77103037	0.12325	0.156090003009515
-4.76603037	0.1235625	0.156523210792428
-4.76103037	0.1238125	0.156957603689965
-4.75603037	0.1241875	0.157393672891062
-4.75103037	0.1245	0.157830951285399
-4.74603037	0.1248125	0.158269610815536
-4.74103037	0.125125	0.158709663796604
-4.73603037	0.1255	0.159151282382504
-4.73103037	0.1258125	0.159594159618455
-4.72603037	0.1261875	0.160038627581844
-4.72103037	0.1265	0.160484379490955
-4.71603037	0.126875	0.160931747579162
-4.71103037	0.1271875	0.161380425201712
-4.70603037	0.1275625	0.161830744708067
-4.70103037	0.127875	0.16228239954689
-4.69603037	0.12825	0.16273572213659
-4.69103037	0.1285625	0.163190405968505
-4.68603037	0.1289375	0.163646783475588
-4.68103037	0.12925	0.164104548133627
-4.67603037	0.1295625	0.164563872592463
-4.67103037	0.129875	0.1650247697166
-4.66603037	0.13025	0.165487412036976
-4.66103037	0.1305625	0.165951492788959
-4.65603037	0.1309375	0.166417344038258
-4.65103037	0.1313125	0.16688481850958
-4.64603037	0.1316875	0.167353928502946
-4.64103037	0.132	0.16782452639571
-4.63603037	0.132375	0.168296943555035
-4.63103037	0.13275	0.168771031894285
-4.62603037	0.133125	0.169246802781459
-4.62103037	0.1335	0.169724267268675
-4.61603037	0.133875	0.170203436055343
-4.61103037	0.13425	0.17068431944994
-4.60603037	0.1345625	0.171166767595482
-4.60103037	0.1349375	0.171651109371739
-4.59603037	0.1353125	0.172137193943966
-4.59103037	0.135625	0.172624869931843
-4.58603037	0.136	0.173114464581161
-4.58103037	0.1363125	0.17360566558558
-4.57603037	0.1366875	0.174098798945074
-4.57103037	0.1370625	0.174593710800571
-4.56603037	0.137375	0.17509024663161
-4.56103037	0.13775	0.17558873046471
-4.55603037	0.138125	0.176089006475563
-4.55103037	0.1385	0.176591077959365
-4.54603037	0.138875	0.177094947639734
-4.54103037	0.13925	0.177600617729944
-4.53603037	0.139625	0.178108090012095
-4.53103037	0.1400625	0.178617525670349
-4.52603037	0.1404375	0.179128606466146
-4.52103037	0.1408125	0.179641493286394
-4.51603037	0.1411875	0.180156187356107
-4.51103037	0.1415625	0.180672690145598
-4.50603037	0.1419375	0.181191003558519
-4.50103037	0.142375	0.1817112898698
-4.49603037	0.1448125	0.182238504267326
-4.49103037	0.1446875	0.182760990532702
-4.48603037	0.1441875	0.183284345179234
-4.48103037	0.1448125	0.183812409175463
-4.47603037	0.1451875	0.184341677443963
-4.47103037	0.1455	0.184872640311083
-4.46603037	0.1454375	0.185404512469391
-4.46103037	0.1464375	0.185940983674377
-4.45603037	0.1471875	0.186478718005406
-4.45103037	0.1478125	0.187018056332315
-4.44603037	0.14825	0.187558863370335
-4.44103037	0.1485625	0.188101326509921
-4.43603037	0.14875	0.188645476737197
-4.43103037	0.149	0.1891918276725
-4.42603037	0.1491875	0.189740097750838
-4.42103037	0.149375	0.190290488132112
-4.41603037	0.1500625	0.190844321629754
-4.41103037	0.1506875	0.191400209004981
-4.40603037	0.151125	0.191957882514714
-4.40103037	0.1511875	0.192516917878617
-4.39603037	0.1513125	0.193078491169328
-4.39103037	0.151375	0.193642343590376
-4.38603037	0.151375	0.194208538266358
-4.38103037	0.1568125	0.194791197140052
-4.37603037	0.1538125	0.195354925888249
-4.37103037	0.153625	0.195928545095072
-4.36603037	0.1534375	0.196504935683246
-4.36103037	0.1533125	0.197084326710018
-4.35603037	0.1523125	0.197664391253567
-4.35103037	0.1529375	0.198251587098131
-4.34603037	0.1534375	0.198841508751452
-4.34103037	0.15375	0.199434061792659
-4.33603037	0.153875	0.200029309260392
-4.33103037	0.154	0.200627790668239
-4.32603037	0.15375	0.201228604771833
-4.32103037	0.154	0.201834041545242
-4.31603037	0.15425	0.202442873010409
-4.31103037	0.1545625	0.203055304825145
-4.30603037	0.154875	0.203671219063366
-4.30103037	0.15525	0.204290813108478
-4.29603037	0.1555625	0.204913801010572
-4.29103037	0.155875	0.205540372013301
-4.28603037	0.156	0.206170072596117
-4.28103037	0.1564375	0.20680420276403
-4.27603037	0.1605625	0.207451407105198
-4.27103037	0.1625625	0.208096846225517
-4.26603037	0.161875	0.208739096032252
-4.26103037	0.1626875	0.209388870281368
-4.25603037	0.1635625	0.21004250494407
-4.25103037	0.1645625	0.210700168487795
-4.24603037	0.165	0.211360111836979
-4.24103037	0.165	0.212022662174324
-4.23603037	0.1650625	0.212689105182127
-4.23103037	0.1654375	0.213360088044333
-4.22603037	0.165875	0.214034980823825
-4.22103037	0.1663125	0.214713633831293
-4.21603037	0.1664375	0.215395259716788
-4.21103037	0.1668125	0.216081308907214
-4.20603037	0.1673125	0.216771476384323
-4.20103037	0.1679375	0.217465778373833
-4.19603037	0.1679375	0.218162316147726
-4.19103037	0.1680625	0.218863026569365
-4.18603037	0.1684375	0.219568251136295
-4.18103037	0.1686875	0.220277055476642
-4.17603037	0.1700625	0.220992660360107
-4.17103037	0.17125	0.221711739416892
-4.16603037	0.17225	0.222434322709196
-4.16103037	0.1730625	0.223160442250877
-4.15603037	0.173875	0.223890611164601
-4.15103037	0.1745625	0.224624545738409
-4.14603037	0.1751875	0.225362443238792
-4.14103037	0.175875	0.226104662361281
-4.13603037	0.175875	0.226849327114247
-4.13103037	0.1756875	0.227597757733333
-4.12603037	0.1755625	0.228350636941065
-4.12103037	0.175625	0.229108329328729
-4.11603037	0.1756875	0.229870402066276
-4.11103037	0.176	0.230637541651594
-4.10603037	0.1765	0.231409637021378
-4.10103037	0.1770625	0.232186418442193
-4.09603037	0.17775	0.232968096416999
-4.09103037	0.1784375	0.233754403253894
-4.08603037	0.1791875	0.234545551475762
-4.08103037	0.1799375	0.235341435155324
-4.07603037	0.18075	0.236142268881484
-4.07103037	0.1815	0.236947789116734
-4.06603037	0.1835	0.237761407358276
-4.06103037	0.1851875	0.238579188438088
-4.05603037	0.185375	0.239398156805503
-4.05103037	0.185625	0.240222366509251
-4.04603037	0.1859375	0.241051879483559
-4.04103037	0.1861875	0.241886439481758
-4.03603037	0.186375	0.242726111026535
-4.03103037	0.1865625	0.243571119672528
-4.02603037	0.18675	0.244421532524005
-4.02103037	0.1869375	0.24527741795122
-4.01603037	0.187125	0.246138845566588
-4.01103037	0.1875	0.247006365405516
-4.00603037	0.188	0.247879889755079
-4.00103037	0.1886875	0.248759651548199
-3.99603037	0.1895	0.249645565412051
-3.99103037	0.190375	0.250537547139635
-3.98603037	0.19125	0.251435513702923
-3.98103037	0.1921875	0.252339702750048
-3.97603037	0.193125	0.253250033703198
-3.97103037	0.1941875	0.254166906487249
-3.96603037	0.19525	0.255090083443873
-3.96103037	0.1948125	0.25601581416401
-3.95603037	0.1950625	0.256949774130214
-3.95103037	0.1955625	0.257890931516965
-3.94603037	0.1960625	0.2588387353582
-3.94103037	0.1981875	0.259797428472486
-3.93603037	0.19925	0.260760233719203
-3.93103037	0.199875	0.261728841768512
-3.92603037	0.2004375	0.26270430622142
-3.92103037	0.200875	0.263686564427834
-3.91603037	0.2010625	0.264675395908763
-3.91103037	0.2013125	0.265671700234868
-3.90603037	0.2015	0.266675260712308
-3.90103037	0.2018125	0.267686661176554
-3.89603037	0.2024375	0.268706487273467
-3.89103037	0.2031875	0.269734367996293
-3.88603037	0.204	0.270770253512024
-3.88103037	0.205	0.271814574836374
-3.87603037	0.2060625	0.272867125624748
-3.87103037	0.207125	0.273927860790258
-3.86603037	0.2083125	0.274997215920675
-3.86103037	0.209625	0.27607530855569
-3.85603037	0.209375	0.27715794476713
-3.85103037	0.2094375	0.278250036912117
-3.84603037	0.2099375	0.279352026119399
-3.84103037	0.2104375	0.280462917276628
-3.83603037	0.210875	0.281582675097
-3.83103037	0.211375	0.282711744971198
-3.82603037	0.212	0.283850414107625
-3.82103037	0.2126875	0.284998651903005
-3.81603037	0.2134375	0.286156589278515
-3.81103037	0.215625	0.287327873276078
-3.80603037	0.2173125	0.288507687076904
-3.80103037	0.2181875	0.289695369290735
-3.79603037	0.2190625	0.290893136279937
-3.79103037	0.21975	0.292100651373985
-3.78603037	0.2201875	0.293317900331212
-3.78103037	0.2204375	0.294545191564354
-3.77603037	0.2210625	0.295784114774129
-3.77103037	0.222	0.297034665923191
-3.76603037	0.2230625	0.298296525315192
-3.76103037	0.2243125	0.299570016182449
-3.75603037	0.225625	0.300854986688067
-3.75103037	0.2270625	0.302151768459022
-3.74603037	0.22875	0.303460857203584
-3.74103037	0.229375	0.304779079115223
-3.73603037	0.2296875	0.306108536073234
-3.73103037	0.23025	0.307450855150636
-3.72603037	0.231	0.308806070414574
-3.72103037	0.231625	0.310173581255142
-3.71603037	0.232375	0.311554228833588
-3.71103037	0.233	0.312947580444131
-3.70603037	0.233625	0.314354165653812
-3.70103037	0.2341875	0.315774038513622
-3.69603037	0.2346875	0.317207416320536
-3.69103037	0.23525	0.318654839168809
-3.68603037	0.235875	0.320116530824011
-3.68103037	0.2365625	0.321592718012784
-3.67603037	0.237375	0.32308378998314
-3.67103037	0.2398125	0.324593812515819
-3.66603037	0.2423125	0.326119026815935
-3.66103037	0.2435	0.327656155602865
-3.65603037	0.2444375	0.329208153440936
-3.65103037	0.245	0.330774941948136
-3.64603037	0.245375	0.332357243312735
-3.64103037	0.246125	0.333956739899369
-3.63603037	0.2475	0.335574317033828
-3.63103037	0.2489375	0.337208784998497
-3.62603037	0.250625	0.338860872302982
-3.62103037	0.2525	0.340530669814286
-3.61603037	0.2545	0.342218269612472
-3.61103037	0.254375	0.343918174191637
-3.60603037	0.25475	0.34563734653758
-3.60103037	0.2555	0.347375722435533
-3.59603037	0.256125	0.349132280507756
-3.59103037	0.2570625	0.350908396831351
-3.58603037	0.258	0.352703532356874
-3.58103037	0.25875	0.354517469597647
-3.57603037	0.2605	0.356353507869442
-3.57103037	0.2618125	0.358208240912398
-3.56603037	0.263625	0.360084336583918
-3.56103037	0.264875	0.361979356427833
-3.55603037	0.2661875	0.363895181308446
-3.55103037	0.2680625	0.365833380533153
-3.54603037	0.269375	0.367791379857542
-3.54103037	0.270875	0.369771408523446
-3.53603037	0.2725	0.371773632681043
-3.53103037	0.274125	0.373798074428164
-3.52603037	0.27625	0.375846371257337
-3.52103037	0.2808125	0.377923855081781
-3.51603037	0.2830625	0.380018789163798
-3.51103037	0.28475	0.38213607483065
-3.50603037	0.2859375	0.384276328639374
-3.50103037	0.2874375	0.386442114454321
-3.49603037	0.2905625	0.388637306728893
-3.49103037	0.2935	0.390857827832196
-3.48603037	0.296625	0.39310522722528
-3.48103037	0.2999375	0.395380133595478
-3.47603037	0.3003125	0.39767522734071
-3.47103037	0.3329375	0.400081145485507
-3.46603037	0.3145625	0.402385865085432
-3.46103037	0.3125625	0.404762363364026
-3.45603037	0.3113125	0.407171525396621
-3.45103037	0.3090625	0.409609732013465
-3.44603037	0.308375	0.412084417723847
-3.44103037	0.307125	0.414591065703345
-3.43603037	0.319	0.417165597382188
-3.43103037	0.303125	0.419704506305916
-3.42603037	0.3021875	0.42231786892741
-3.42103037	0.3009375	0.424967698903887
-3.41603037	0.3006875	0.427658346743213
-3.41103037	0.2985625	0.430383462576256
-3.40603037	0.2988125	0.433154903163319
-3.40103037	0.2989375	0.435967265588849
-3.39603037	0.298875	0.438821363452925
-3.39103037	0.29875	0.441718471681352
-3.38603037	0.3065	0.444679809778326
-3.38103037	0.2965	0.447640792806107
-3.37603037	0.2960625	0.450672101304275
-3.37103037	0.3	0.453761319414791
-3.36603037	0.3006875	0.456889764321287
-3.36103037	0.3485	0.46018694734976
-3.35603037	0.3253125	0.463351690036538
-3.35103037	0.329	0.466634813659693
-3.34603037	0.333125	0.469969377369607
-3.34103037	0.3339375	0.473346373277495
-3.33603037	0.335125	0.476775748368583
-3.33103037	0.3394375	0.48026499716859
-3.32603037	0.3473125	0.483815644562482
-3.32103037	0.346625	0.487397045907422
-3.31603037	0.350625	0.491043342807911
-3.31103037	0.357625	0.494750429785595
-3.30603037	0.3625625	0.498505500924587
-3.30103037	0.3685	0.502316436355672
-3.29603037	0.3656875	0.506158285640921
-3.29103037	0.366875	0.510063512616178
-3.28603037	0.3691875	0.514024550764497
-3.28103037	0.374375	0.518045551144215
-3.27603037	0.38175	0.522124325707083
-3.27103037	0.3881875	0.526252340572422
-3.26603037	0.392625	0.530426210217393
-3.26103037	0.3955625	0.534646412930878
-3.25603037	0.3925625	0.538900671909417
-3.25103037	0.39625	0.54322017609751
-3.24603037	0.4026875	0.547593637089026
-3.24103037	0.4105	0.55201616346112
-3.23603037	0.418375	0.556482867595284
-3.23103037	0.4226875	0.56098279309399
-3.22603037	0.426	0.565520637467236
-3.22103037	0.4383125	0.570119946998455
-3.21603037	0.4433125	0.574736861433245
-3.21103037	0.4484375	0.579388065637803
-3.20603037	0.459375	0.584085623063038
-3.20103037	0.471	0.588813821614313
-3.19603037	0.4778125	0.59355585900825
-3.19103037	0.4885	0.598331072710029
-3.18603037	0.499875	0.603128343857021
-3.18103037	0.514625	0.607951477604442
-3.17603037	0.5333125	0.612798774240614
-3.17103037	0.543375	0.617634934560262
-3.16603037	0.5524375	0.622476218949786
-3.16103037	0.5676875	0.627337755838167
-3.15603037	0.5976875	0.632238195850484
-3.15103037	0.65	0.637193664027083
-3.14603037	0.755625	0.642280238496982
-3.14103037	0.771875	0.647130166730765
-3.13603037	0.758125	0.651892215725633
-3.13103037	0.701875	0.656531571523406
-3.12603037	0.681875	0.661246766945767
-3.12103037	0.72375	0.666100709385526
-3.11603037	0.77625	0.670959995929803
-3.11103037	0.785	0.67568341352203
-3.10603037	0.79625	0.680387109786788
-3.10103037	0.79125	0.685021301846052
-3.09603037	0.7825	0.689616274033408
-3.09103037	0.816875	0.69429036742993
-3.08603037	0.7875	0.698769176703676
-3.08103037	0.778125	0.703265690343042
-3.07603037	0.77875	0.707753490613131
-3.07103037	0.783125	0.712215934893632
-3.06603037	0.78875	0.716646148038085
-3.06103037	0.80875	0.721077362918613
-3.05603037	0.8125	0.725431161284489
-3.05103037	0.8125	0.729739494362921
-3.04603037	0.81	0.734005700564413
-3.04103037	0.815	0.738255607658592
-3.03603037	0.82	0.742470430307006
-3.03103037	0.82	0.746637871562845
-3.02603037	0.81625	0.750761693138006
-3.02103037	0.81125	0.754848922883062
-3.01603037	0.81	0.758913036165191
-3.01103037	0.8125	0.762954774824894
-3.00603037	0.814375	0.766963732436309
-3.00103037	0.814375	0.770937511314759
-2.99603037	0.8125	0.77487692020123
-2.99103037	0.81375	0.778795549236456
-2.98603037	0.81625	0.782689412280093
-2.98103037	0.81625	0.786549719053024
-2.97603037	0.809375	0.790366064459251
-2.97103037	0.809375	0.794174345134702
-2.96603037	0.81625	0.797975291610996
-2.96103037	0.825625	0.801758427086004
-2.95603037	0.835	0.805518040581267
-2.95103037	0.844375	0.809254784959315
-2.94603037	0.85125	0.812962899665758
-2.94103037	0.858125	0.816649381308867
-2.93603037	0.86875	0.820324402454691
-2.93103037	0.881875	0.823985341419013
-2.92603037	0.92875	0.827712627079742
-2.92103037	0.909375	0.831251235755699
-2.91603037	0.909375	0.834820553257288
-2.91103037	0.9125	0.838379595351853
-2.90603037	0.910625	0.841908145060667
-2.90103037	0.901875	0.845401963152815
-2.89603037	0.903125	0.848904737290241
-2.89103037	0.90375	0.852389879364984
-2.88603037	0.903125	0.855856367739163
-2.88103037	0.903125	0.859309579465121
-2.87603037	0.904375	0.862751706128923
-2.87103037	0.90625	0.866181753358026
-2.86603037	0.9025	0.869584358439576
-2.86103037	0.905625	0.87299208586615
-2.85603037	0.915	0.876403960711291
-2.85103037	0.915625	0.879782272095522
-2.84603037	0.92375	0.883169177991244
-2.84103037	0.92375	0.886525370246296
-2.83603037	0.91875	0.889859457896337
-2.83103037	0.921875	0.89320560172167
-2.82603037	0.929375	0.896554825438215
-2.82103037	0.970625	0.899982801359921
-2.81603037	0.996875	0.903365518667373
-2.81103037	0.9625	0.906586936701571
-2.80603037	0.93875	0.909829700685626
-2.80103037	0.935	0.913118295818154
-2.79603037	0.941875	0.916429262171658
-2.79103037	0.9575	0.919758281214975
-2.78603037	0.9575	0.923043500725179
-2.78103037	0.946875	0.926298113406079
-2.77603037	0.946875	0.929576811086435
-2.77103037	0.9425	0.932841606082546
-2.76603037	0.94125	0.936111982109568
-2.76103037	0.948125	0.939401000326688
-2.75603037	0.95625	0.942691339838682
-2.75103037	0.960625	0.945970440912089
-2.74603037	0.96625	0.949251272607813
-2.74103037	0.9725	0.952532401528222
-2.73603037	0.98625	0.95583153936216
-2.73103037	0.996875	0.959121652269021
-2.72603037	1.00125	0.962394858929497
-2.72103037	1.00875	0.965675213504956
-2.71603037	1.02125	0.96896759456037
-2.71103037	1.0375	0.972268890804681
-2.70603037	1.055625	0.97557439466574
-2.70103037	1.041875	0.978797938537533
-2.69603037	1.0325	0.982032267134398
-2.69103037	1.03125	0.985287074688175
-2.68603037	1.035	0.988554499275527
-2.68103037	1.035625	0.991813917196793
-2.67603037	1.036875	0.995075073329162
-2.67103037	1.04375	0.998350927368781
-2.66603037	1.053125	1.00163369425355
-2.66103037	1.051875	1.00489005232684
-2.65603037	1.05625	1.00816177639229
-2.65103037	1.06	1.01143315664325
-2.64603037	1.063125	1.01470447587657
-2.64103037	1.065	1.01797443719034
-2.63603037	1.068125	1.02124974641809
-2.63103037	1.0675	1.02451795519085
-2.62603037	1.06875	1.02779378210674
-2.62103037	1.07125	1.03107598194235
-2.61603037	1.07375	1.03436171951953
-2.61103037	1.075	1.0376481646851
-2.60603037	1.08	1.04094846345043
-2.60103037	1.0875	1.04425978850457
-2.59603037	1.09	1.04756333681656
-2.59103037	1.088125	1.05086106639576
-2.58603037	1.09375	1.05418368069412
-2.58103037	1.09875	1.05751075854501
-2.57603037	1.096875	1.06082665919388
-2.57103037	1.103125	1.06417003789684
-2.56603037	1.11	1.06752202872901
-2.56103037	1.12	1.07088930453754
-2.55603037	1.121875	1.07424337496693
-2.55103037	1.130625	1.07762281451976
-2.54603037	1.134375	1.08099748477819
-2.54103037	1.13375	1.08436916493193
-2.53603037	1.133125	1.08774918595182
-2.53103037	1.13375	1.09114085673612
-2.52603037	1.135	1.09454265577713
-2.52103037	1.136875	1.09795461746368
-2.51603037	1.13875	1.10137513419822
-2.51103037	1.141875	1.1048073425879
-2.50603037	1.14875	1.10825752282325
-2.50103037	1.15375	1.11171113506234
-2.49603037	1.15875	1.11517274993667
-2.49103037	1.163125	1.11864048749222
-2.48603037	1.165	1.12210920843687
-2.48103037	1.16875	1.12558967883578
-2.47603037	1.175	1.12908300876724
-2.47103037	1.183125	1.13258703789166
-2.46603037	1.191875	1.13609792874415
-2.46103037	1.201875	1.13961655182479
-2.45603037	1.20625	1.14312452064704
-2.45103037	1.220625	1.14666085972746
-2.44603037	1.229375	1.15018462672716
-2.44103037	1.23	1.15368831873681
-2.43603037	1.2425	1.1572218262701
-2.43103037	1.24	1.16071512017186
-2.42603037	1.24125	1.16421465275143
-2.42103037	1.245625	1.1677172252449
-2.41603037	1.246875	1.17120512147025
-2.41103037	1.250625	1.17469082524203
-2.40603037	1.255	1.17816749359941
-2.40103037	1.2575	1.18162651868727
-2.39603037	1.260625	1.18507189480674
-2.39103037	1.268125	1.18851062513948
-2.38603037	1.2875	1.1919591021153
-2.38103037	1.286875	1.19533288116818
-2.37603037	1.290625	1.19869106746641
-2.37103037	1.294375	1.20201906785703
-2.36603037	1.308125	1.2053388010942
-2.36103037	1.32625	1.20863201853865
-2.35603037	1.346875	1.21188981692949
-2.35103037	1.35875	1.21507909007868
-2.34603037	1.373125	1.21822399164174
-2.34103037	1.379375	1.22129252255418
-2.33603037	1.388125	1.22430675018718
-2.33103037	1.39375	1.2272469712946
-2.32603037	1.395	1.23010443166839
-2.32103037	1.4	1.23289411504553
-2.31603037	1.4025	1.23559405714134
-2.31103037	1.41125	1.23822043847463
-2.30603037	1.421875	1.24075572456626
-2.30103037	1.434375	1.24319341712074
-2.29603037	1.445	1.24551731795164
-2.29103037	1.460625	1.24773830194773
-2.28603037	1.46875	1.2498176821337
-2.28103037	1.485	1.25178865069013
-2.27603037	1.503125	1.25362853651019
-2.27103037	1.528125	1.25534351420171
-2.26603037	1.600625	1.25703095296358
-2.26103037	1.650625	1.25850569000303
-2.25603037	1.6975	1.25981123955394
-2.25103037	1.7375	1.2609323255204
-2.24603037	1.8175	1.26198342539723
-2.24103037	1.840625	1.26271204816583
-2.23603037	1.83	1.26317287063872
-2.23103037	1.875625	1.26359201232523
-2.22603037	1.885625	1.26373133462583
-2.22103037	1.87375	1.26362326512122
-2.21603037	1.8275	1.26323379188384
-2.21103037	1.814375	1.26273404362126
-2.20603037	1.82875	1.26210896129803
-2.20103037	1.881875	1.26138733347182
-2.19603037	1.915	1.26041977313722
-2.19103037	1.895625	1.25912471184726
-2.18603037	1.839375	1.25754430121693
-2.18103037	1.77875	1.25576453194473
-2.17603037	1.765625	1.25392160278571
-2.17103037	1.7725	1.25194951133962
-2.16603037	1.77	1.24977809229434
-2.16103037	1.82125	1.2475741783843
-2.15603037	1.705	1.24477835118154
-2.15103037	1.609375	1.24187795484146
-2.14603037	1.569375	1.23896942445217
-2.14103037	1.493125	1.23582531891884
-2.13603037	1.49625	1.23274884723742
-2.13103037	1.52375	1.22960740983511
-2.12603037	1.479375	1.22616319089458
-2.12103037	1.420625	1.22257147315686
-2.11603037	1.38625	1.2189397096187
-2.11103037	1.37125	1.21526357257635
-2.10603037	1.356875	1.21150357227692
-2.10103037	1.335625	1.20764889977848
-2.09603037	1.258125	1.20358160410608
-2.09103037	1.20625	1.19951901554778
-2.08603037	1.185625	1.19548338464906
-2.08103037	1.173125	1.19142324621002
-2.07603037	1.161875	1.18732839856903
-2.07103037	1.1625	1.18323307286472
-2.06603037	1.16875	1.17912805785168
-2.06103037	1.144375	1.17492713938047
-2.05603037	1.1325	1.17074662571829
-2.05103037	1.139375	1.16660823226767
-2.04603037	1.14375	1.16246303836428
-2.04103037	1.123125	1.15825857621974
-2.03603037	1.120625	1.154109751105
-2.03103037	1.124375	1.14999055817385
-2.02603037	1.114375	1.14585389264226
-2.02103037	1.096875	1.14171941498151
-2.01603037	1.078125	1.13760647449585
-2.01103037	1.055625	1.13351176018893
-2.00603037	1.045	1.1294780018551
-2.00103037	1.04	1.1254917550247
-1.99603037	1.033125	1.12153612970503
-1.99103037	1.025625	1.11761636429821
-1.98603037	1.025	1.11375345240141
-1.98103037	1.035625	1.10996019846859
-1.97603037	1.053125	1.10622685716997
-1.97103037	1.0475	1.10247801979423
-1.96603037	1.04125	1.09877229774706
-1.96103037	1.030625	1.09510106935711
-1.95603037	1.02125	1.09147954155896
-1.95103037	1.010625	1.08790203550787
-1.94603037	1	1.08437234682233
-1.94103037	0.988125	1.08088778153179
-1.93603037	0.979375	1.07745993014587
-1.93103037	0.97125	1.07408272804491
-1.92603037	0.9675	1.07076600643456
-1.92103037	0.96125	1.06749236941384
-1.91603037	0.955625	1.06426991146533
-1.91103037	0.95125	1.06110027444305
-1.90603037	0.95375	1.05799781924203
-1.90103037	0.950625	1.05493052656774
-1.89603037	0.940625	1.0518950749928
-1.89103037	0.93375	1.04891684302228
-1.88603037	0.929375	1.04599400351772
-1.88103037	0.925625	1.04312148567397
-1.87603037	0.92125	1.04029576869675
-1.87103037	0.916875	1.03751807817048
-1.86603037	0.91125	1.03478480372956
-1.86103037	0.90625	1.0321002799078
-1.85603037	0.898125	1.02945442550052
-1.85103037	0.89375	1.02686427746233
-1.84603037	0.890625	1.02432287870857
-1.84103037	0.885	1.02182004734135
-1.83603037	0.88125	1.01936634112069
-1.83103037	0.87875	1.01695951776046
-1.82603037	0.878125	1.01460051379165
-1.82103037	0.878125	1.01228546371764
-1.81603037	0.879375	1.01001529066563
-1.81103037	0.881875	1.00778932408824
-1.80603037	0.88375	1.0056021127427
-1.80103037	0.88375	1.00344982233442
-1.79603037	0.885625	1.00134142572584
-1.79103037	0.88625	0.999268362400039
-1.78603037	0.88375	0.997225313664761
-1.78103037	0.876875	0.995208615257299
-1.77603037	0.870625	0.993230643788955
-1.77103037	0.866875	0.991295866928632
-1.76603037	0.864375	0.989400854065099
-1.76103037	0.865	0.987550260603659
-1.75603037	0.86375	0.985731281070928
-1.75103037	0.86125	0.983945606890128
-1.74603037	0.85875	0.982196658071724
-1.74103037	0.856875	0.980486398752208
-1.73603037	0.8575	0.978820139114137
-1.73103037	0.855	0.977184181778809
-1.72603037	0.8525	0.97558736172686
-1.72103037	0.849375	0.974029107171016
-1.71603037	0.85125	0.972525004284708
-1.71103037	0.861875	0.971086037649444
-1.70603037	0.859375	0.969657895720605
-1.70103037	0.851875	0.968263139021059
-1.69603037	0.850625	0.966932516275814
-1.69103037	0.849375	0.965652252690821
-1.68603037	0.856875	0.964447111880093
-1.68103037	0.8225	0.963190308780392
-1.67603037	0.78875	0.961993260612332
-1.67103037	0.76625	0.960886111199787
-1.66603037	0.75875	0.959881618863748
-1.66103037	0.75	0.958941604397987
-1.65603037	0.76	0.958120704119538
-1.65103037	0.751875	0.957328354197078
-1.64603037	0.74875	0.956627484969701
-1.64103037	0.73375	0.955978932598499
-1.63603037	0.728125	0.95544109597531
-1.63103037	0.710625	0.954963865240162
-1.62603037	0.69	0.954573901766131
-1.62103037	0.67625	0.954301146714085
-1.61603037	0.66625	0.954142068858051
-1.61103037	0.65125	0.954078820133605
-1.60603037	0.6375	0.954131936154209
-1.60103037	0.623625	0.954302500555841
-1.59603037	0.61	0.954596094781097
-1.59103037	0.6015	0.955029816991641
-1.58603037	0.5974375	0.955606556452351
-1.58103037	0.577375	0.956278726731559
-1.57603037	0.5671875	0.957117100606607
-1.57103037	0.5605625	0.958110178484554
-1.56603037	0.5673125	0.959287661485707
-1.56103037	0.55725	0.960577008175526
-1.55603037	0.5545625	0.962044635599449
-1.55103037	0.565	0.963709829458399
-1.54603037	0.547125	0.965471268948553
-1.54103037	0.544125	0.967443912877154
-1.53603037	0.54825	0.969612538523054
-1.53103037	0.552375	0.971963528853949
-1.52603037	0.5605	0.974511713864989
-1.52103037	0.559875	0.977229134368044
-1.51603037	0.5571875	0.980137534253973
-1.51103037	0.5605625	0.983262361532076
-1.50603037	0.56875	0.986605138004546
-1.50103037	0.582625	0.990172853242085
-1.49603037	0.5868125	0.99393100350983
-1.49103037	0.5736875	0.997864929500101
-1.48603037	0.5555625	1.00201096202638
-1.48103037	0.5445625	1.00640498223831
-1.47603037	0.5544375	1.01108704648425
-1.47103037	0.534625	1.01593285533374
-1.46603037	0.5244375	1.02104780787108
-1.46103037	0.5176875	1.02642099889488
-1.45603037	0.528125	1.03209244288014
-1.45103037	0.51325	1.0379583343118
-1.44603037	0.512125	1.04412323874411
-1.44103037	0.5109375	1.0505564730591
-1.43603037	0.5095	1.05726203160734
-1.43103037	0.5119375	1.06425474981989
-1.42603037	0.5108125	1.071519692108
-1.42103037	0.52	1.07909612990943
-1.41603037	0.517625	1.08693165709372
-1.41103037	0.5143125	1.09505657159235
-1.40603037	0.5661875	1.10361704787596
-1.40103037	0.573625	1.11236073369763
-1.39603037	0.537125	1.12129064919696
-1.39103037	0.508625	1.13054069347431
-1.38603037	0.4949375	1.14012879252926
-1.38103037	0.4973125	1.15005795028898
-1.37603037	0.502125	1.16029238672815
-1.37103037	0.5029375	1.17081386423175
-1.36603037	0.507875	1.18164047817938
-1.36103037	0.513	1.19275855454136
-1.35603037	0.4934375	1.20409991646508
-1.35103037	0.497875	1.21578335842294
-1.34603037	0.5008125	1.22773699217353
-1.34103037	0.5033125	1.23995570790428
-1.33603037	0.5140625	1.25245275016298
-1.33103037	0.5105	1.26516034702563
-1.32603037	0.508375	1.27810748960368
-1.32103037	0.513875	1.29129757853842
-1.31603037	0.5263125	1.30471530645273
-1.31103037	0.547	1.31834936422385
-1.30603037	0.818125	1.33280298336489
-1.30103037	0.973125	1.34712253604821
-1.29603037	1.04625	1.36137779311203
-1.29103037	1.180625	1.37591586025845
-1.28603037	1.29	1.39049675782166
-1.28103037	1.405625	1.40518002674935
-1.27603037	1.418125	1.4196651017776
-1.27103037	1.51375	1.43440635007942
-1.26603037	1.520625	1.44894232887246
-1.26103037	1.52125	1.46346128608528
-1.25603037	1.56	1.47805369557674
-1.25103037	1.645625	1.49271874619832
-1.24603037	1.67875	1.5071791507053
-1.24103037	1.72625	1.52158248814821
-1.23603037	1.8375	1.53603168741276
-1.23103037	1.903125	1.55022413216487
-1.22603037	1.955	1.56421849870559
-1.22103037	1.995625	1.57799878673689
-1.21603037	2.099375	1.59173319909042
-1.21103037	2.19375	1.60521517546711
-1.20603037	2.204375	1.61823408470836
-1.20103037	2.27375	1.63113440239157
-1.19603037	2.376875	1.64383343827672
-1.19103037	2.440625	1.65612652648332
-1.18603037	2.5575	1.66823341031674
-1.18103037	2.75	1.6801961225356
-1.17603037	2.91625	1.6917400901412
-1.17103037	3.395625	1.7037198051683
-1.16603037	3.2	1.71359836799153
-1.16103037	3.06125	1.72323623001409
-1.15603037	3.02625	1.7327446082666
-1.15103037	2.79875	1.74135925930384
-1.14603037	2.655	1.74978061231579
-1.14103037	2.64875	1.75814193257908
-1.13603037	2.645625	1.76609716245027
-1.13103037	3.15125	1.77493739127526
-1.12603037	2.88	1.78137711395142
-1.12103037	2.716875	1.78767981481588
-1.11603037	2.73625	1.79403853718339
-1.11103037	2.775625	1.80004219534978
-1.10603037	2.816875	1.80564989517352
-1.10103037	2.860625	1.81086979509314
-1.09603037	2.804375	1.81544754674034
-1.09103037	2.720625	1.81957703846918
-1.08603037	2.57625	1.82318310149971
-1.08103037	2.6275	1.82693095365562
-1.07603037	2.690625	1.83036200173954
-1.07103037	2.63125	1.83314448349504
-1.06603037	2.616875	1.83571871218706
-1.06103037	2.55625	1.8378641639382
-1.05603037	2.490625	1.83969933617982
-1.05103037	2.404375	1.84119766562407
-1.04603037	2.443125	1.84274492300557
-1.04103037	2.43375	1.84391236578299
-1.03603037	2.418125	1.84482080200649
-1.03103037	2.331875	1.84531947722698
-1.02603037	2.193125	1.84546840612563
-1.02103037	2.129375	1.84560699369018
-1.01603037	2.130625	1.84572301995678
-1.01103037	2.1475	1.84570336917507
-1.00603037	2.21375	1.84564706108059
-1.00103037	2.23625	1.84532849537097
-0.99603037	2.168125	1.84463987996006
-0.99103037	2.13	1.84390108472175
-0.98603037	2.025625	1.84287724174091
-0.98103037	1.98375	1.8419080535115
-0.97603037	1.956875	1.84088227632317
-0.97103037	1.966875	1.83986547068338
-0.96603037	1.96125	1.83873260549418
-0.96103037	1.988125	1.83761531775762
-0.95603037	1.97	1.83632367551892
-0.95103037	1.96625	1.83501707570604
-0.94603037	1.994375	1.83374741349513
-0.94103037	1.994375	1.83236804863813
-0.93603037	2.010625	1.83099865326698
-0.93103037	2.006875	1.82955241452227
-0.92603037	2.0525	1.8282120665266
-0.92103037	2.026875	1.82667436286336
-0.91603037	2.00375	1.82513247021235
-0.91103037	2.0125	1.82366579951629
-0.90603037	1.99875	1.8221393922375
-0.90103037	2.016875	1.82069592384523
-0.89603037	2.011875	1.81919824440282
-0.89103037	2.001875	1.81769582172409
-0.88603037	1.92125	1.81602381992108
-0.88103037	1.855625	1.81440371766206
-0.87603037	1.845625	1.81294175101646
-0.87103037	1.834375	1.81149474680528
-0.86603037	1.86875	1.81018448099565
-0.86103037	1.843125	1.80874277347314
-0.85603037	1.916875	1.80757853023659
-0.85103037	1.890625	1.80618359371932
-0.84603037	1.8525	1.80478441664981
-0.84103037	1.819375	1.8034251908433
-0.83603037	1.825	1.80219308442246
-0.83103037	1.85875	1.80106171170773
-0.82603037	1.854375	1.7998623916614
-0.82103037	1.90125	1.79882406449882
-0.81603037	1.90375	1.79770274466715
-0.81103037	1.90875	1.7966185451203
-0.80603037	1.90125	1.795533352952
-0.80103037	1.906875	1.79451280534277
-0.79603037	1.929375	1.79356656336495
-0.79103037	1.910625	1.79254608973593
-0.78603037	1.88375	1.79153600808965
-0.78103037	1.91625	1.79070875037018
-0.77603037	1.933125	1.78987251133938
-0.77103037	1.95375	1.78907665060826
-0.76603037	1.9225	1.78817881378461
-0.76103037	1.8425	1.78718676970727
-0.75603037	1.77	1.78624403725727
-0.75103037	1.706875	1.78535514315173
-0.74603037	1.7375	1.7847354450214
-0.74103037	1.7625	1.78413066112856
-0.73603037	1.8225	1.78364430242255
-0.73103037	1.87	1.7831546411841
-0.72603037	1.91	1.78267411881709
-0.72103037	1.92375	1.78215447206246
-0.71603037	1.91	1.78159216202381
-0.71103037	1.898125	1.78106192245634
-0.70603037	1.87625	1.78053306801739
-0.70103037	1.859375	1.78004360983166
-0.69603037	1.859375	1.77962358636596
-0.69103037	1.8625	1.77923756232938
-0.68603037	1.856875	1.77885491556008
-0.68103037	1.83625	1.77845942401861
-0.67603037	1.859375	1.77820101676494
-0.67103037	1.854375	1.7778958038937
-0.66603037	1.848125	1.77761230658657
-0.66103037	1.8475	1.77736796031674
-0.65603037	1.8525	1.77716265912762
-0.65103037	1.861875	1.77699313108244
-0.64603037	1.895	1.7769088444179
-0.64103037	1.898125	1.77677240280998
-0.63603037	1.90125	1.77666047936117
-0.63103037	1.894375	1.7765475385377
-0.62603037	1.888125	1.77646077765036
-0.62103037	1.876875	1.77638588140233
-0.61603037	1.83625	1.77626063140743
-0.61103037	1.77625	1.77611068090746
-0.60603037	1.766875	1.77611504677205
-0.60103037	1.765625	1.77616524126528
-0.59603037	1.75625	1.77621988721816
-0.59103037	1.775	1.77637181060481
-0.58603037	1.79625	1.77655572956722
-0.58103037	1.8175	1.77676550039909
-0.57603037	1.84875	1.77702696922344
-0.57103037	1.879375	1.77731331956716
-0.56603037	1.893125	1.77758341656303
-0.56103037	1.89875	1.77786008504698
-0.55603037	1.9125	1.77818539108464
-0.55103037	1.935	1.77856154663231
-0.54603037	1.905	1.77883271104967
-0.54103037	1.89	1.77917218839353
-0.53603037	1.881875	1.77956009523365
-0.53103037	1.8825	1.78000219874671
-0.52603037	1.89625	1.7805107468392
-0.52103037	1.90375	1.78103737527285
-0.51603037	1.900625	1.78157213714312
-0.51103037	1.910625	1.78217703834967
-0.50603037	1.919375	1.78281670664999
-0.50103037	1.868125	1.78334240434401
-0.49603037	1.81	1.78389135079864
-0.49103037	1.788125	1.78457522039674
-0.48603037	1.76	1.78528684287306
-0.48103037	1.833125	1.78630238438427
-0.47603037	1.804375	1.78710407483604
-0.47103037	1.78625	1.78798073279478
-0.46603037	1.793125	1.78897029240947
-0.46103037	1.795625	1.78999874787672
-0.45603037	1.8025	1.79108938106265
-0.45103037	1.7925	1.79218862393806
-0.44603037	1.808125	1.79340563569159
-0.44103037	1.84875	1.7947391293708
-0.43603037	1.82375	1.79595754488479
-0.43103037	1.804375	1.79724275781966
-0.42603037	1.811875	1.79864855235377
-0.42103037	1.80125	1.80005906702653
-0.41603037	1.810625	1.80157054062382
-0.41103037	1.8025	1.80308556409198
-0.40603037	1.78125	1.80461336480445
-0.40103037	1.765	1.80619790950724
-0.39603037	1.76375	1.80786198328686
-0.39103037	1.76875	1.80958002370019
-0.38603037	1.771875	1.81132763098295
-0.38103037	1.78375	1.81312788690696
-0.37603037	1.78875	1.81493634447753
-0.37103037	1.809375	1.81680555838833
-0.36603037	1.825	1.81867743593966
-0.36103037	1.858125	1.82060368290032
-0.35603037	1.878125	1.82249982609991
-0.35103037	1.898125	1.82439282252865
-0.34603037	1.926875	1.8262980863518
-0.34103037	1.965	1.82820993200857
-0.33603037	2.011875	1.83011917612553
-0.33103037	2.01125	1.83187420233647
-0.32603037	2.019375	1.83361068751298
-0.32103037	2.0775	1.83542578263735
-0.31603037	2.08375	1.83705069912753
-0.31103037	2.104375	1.83864623752918
-0.30603037	2.135	1.84019264676032
-0.30103037	2.160625	1.84164302030004
-0.29603037	2.15875	1.84293133443439
-0.29103037	2.1975	1.8442232851145
-0.28603037	2.204375	1.84532531951111
-0.28103037	2.22625	1.84634918756037
-0.27603037	2.26375	1.84728869451166
-0.27103037	2.2925	1.84807406079407
-0.26603037	2.34	1.84876844417503
-0.26103037	2.366875	1.84926448718898
-0.25603037	2.403125	1.84963258140056
-0.25103037	2.4525	1.84987650901689
-0.24603037	2.426875	1.84976575254448
-0.24103037	2.445625	1.84960065367087
-0.23603037	2.499375	1.84935305704539
-0.23103037	2.565625	1.84896183460203
-0.22603037	2.745	1.84868111587187
-0.22103037	2.593125	1.84737271683205
-0.21603037	2.55375	1.84616886628278
-0.21103037	2.513125	1.84477751294051
-0.20603037	2.370625	1.84294069048543
-0.20103037	2.291875	1.84108142108692
-0.19603037	2.400625	1.83951618999075
-0.19103037	2.326875	1.83730002444614
-0.18603037	2.32125	1.83507453850419
-0.18103037	2.275	1.83256324198542
-0.17603037	2.270625	1.82997876803115
-0.17103037	2.25	1.82717463624055
-0.16603037	2.24625	1.82423782958617
-0.16103037	2.2475	1.82114053111054
-0.15603037	2.251875	1.81788065307701
-0.15103037	2.2225	1.81436679229739
-0.14603037	2.159375	1.81060189408442
-0.14103037	2.140625	1.80678864974654
-0.13603037	2.12125	1.80281512494611
-0.13103037	2.13875	1.79878026998147
-0.12603037	2.15375	1.79458657982598
-0.12103037	2.12625	1.79013496110816
-0.11603037	2.134375	1.78562822346029
-0.11103037	2.171875	1.78105353489578
-0.10603037	2.16375	1.7762223573676
-0.10103037	2.13	1.77118895837947
-0.09603037	2.105625	1.76604595711683
-0.09103037	2.129375	1.76089558151583
-0.08603037	2.08125	1.75543436700595
-0.08103037	2.1375	1.75011604174035
-0.07603037	2.155625	1.74457974173867
-0.07103037	2.13875	1.73883685586128
-0.06603037	2.116875	1.73296753826392
-0.06103037	2.10375	1.72701049895828
-0.05603037	2.1325	1.72105405878885
-0.05103037	2.145625	1.71495501835485
-0.04603037	2.1425	1.70871563396688
-0.04103037	2.125625	1.70234624261065
-0.03603037	2.059375	1.69575983095214
-0.03103037	2.025625	1.68916976788873
-0.02603037	1.965625	1.68243008591065
-0.02103037	1.9125	1.67562968283265
-0.01603037	1.885	1.66882075541771
-0.01103037	1.865625	1.66196287398069
-0.00603037	1.840625	1.6550251936701
-0.00103037	1.82125	1.64804074422352
0.00396963	1.799375	1.64099299711504
0.00896963	1.780625	1.63390050462733
0.01396963	1.76	1.62675458280167
0.01896963	1.75125	1.61959436766794
0.02396963	1.74125	1.61239019014988
0.02896963	1.725625	1.60513460842436
0.03396963	1.710625	1.59784718479453
0.03896963	1.698125	1.59053613577647
0.04396963	1.69375	1.58321908613819
0.04896963	1.683125	1.5758623597601
0.05396963	1.670625	1.56848000775418
0.05896963	1.646875	1.56105074001374
0.06396963	1.63875	1.55364570919417
0.06896963	1.62875	1.54622244927913
0.07396963	1.6175	1.53878460967204
0.07896963	1.6075	1.53134042398937
0.08396963	1.60125	1.52389791916912
0.08896963	1.5925	1.51644255472255
0.09396963	1.5825	1.50897875705882
0.09896963	1.57	1.50150436573537
0.10396963	1.55125	1.49401063806515
0.10896963	1.530625	1.48650940934421
0.11396963	1.51875	1.47902830652222
0.11896963	1.514375	1.47156443112548
0.12396963	1.519375	1.46412270234656
0.12896963	1.515625	1.45665676189339
0.13396963	1.5125	1.44919038016297
0.13896963	1.50125	1.44170085694868
0.14396963	1.481875	1.43418771547609
0.14896963	1.47125	1.42669347605534
0.15396963	1.466875	1.4192110178165
0.15896963	1.464375	1.41172831309908
0.16396963	1.45875	1.40423163083303
0.16896963	1.45375	1.39672950571421
0.17396963	1.439375	1.38919524251575
0.17896963	1.435625	1.38167874012686
0.18396963	1.433125	1.37415475238725
0.18896963	1.435625	1.36663151786605
0.19396963	1.424375	1.35905972065191
0.19896963	1.418125	1.35148584662039
0.20396963	1.410625	1.34389245866894
0.20896963	1.40375	1.33628286754268
0.21396963	1.393125	1.32864440424586
0.21896963	1.386875	1.32099635278933
0.22396963	1.38125	1.31332766616443
0.22896963	1.37375	1.30563052430052
0.23396963	1.364375	1.29790354312019
0.23896963	1.35375	1.29014699772477
0.24396963	1.344375	1.2823660333136
0.24896963	1.338125	1.27456429298583
0.25396963	1.33875	1.26675032539849
0.25896963	1.326875	1.2588737098539
0.26396963	1.32	1.250978422487
0.26896963	1.311875	1.24304791396837
0.27396963	1.305	1.23508819364863
0.27896963	1.29625	1.2270911126244
0.28396963	1.29125	1.21907112529077
0.28896963	1.289375	1.2110269751193
0.29396963	1.29	1.20295768994505
0.29896963	1.288125	1.19485142125805
0.30396963	1.28875	1.18672220264416
0.30896963	1.288125	1.17856204645842
0.31396963	1.28375	1.17036651622796
0.31896963	1.280625	1.16215071181577
0.32396963	1.275625	1.15390934353352
0.32896963	1.270625	1.14565028037219
0.33396963	1.26125	1.13736579680533
0.33896963	1.245	1.12905333257714
0.34396963	1.248125	1.12078416785167
0.34896963	1.250625	1.11251172424391
0.35396963	1.224375	1.10416898151046
0.35896963	1.2375	1.09593520848015
0.36396963	1.161875	1.08748836916317
0.36896963	1.108125	1.07911684439726
0.37396963	1.01375	1.07066673477109
0.37896963	1.025	1.06251779988989
0.38396963	0.96125	1.05421447941749
0.38896963	0.835	1.0457948434918
0.39396963	0.715625	1.03744232071682
0.39896963	0.704375	1.02942175543732
0.40396963	0.6875	1.0214484055115
0.40896963	0.676875	1.01355845493594
0.41396963	0.665625	1.00573998257125
0.41896963	0.65625	0.998004804104761
0.42396963	0.651875	0.990366074205894
0.42896963	0.646875	0.982814295835712
0.43396963	0.643125	0.975358825869968
0.43896963	0.6425	0.968008686220193
0.44396963	0.64125	0.960758171995183
0.44896963	0.636875	0.953604411633019
0.45396963	0.630625	0.946553750256598
0.45896963	0.6234375	0.939611365243983
0.46396963	0.60475	0.932752676062105
0.46896963	0.5940625	0.926029574502676
0.47396963	0.58475	0.919426832058988
0.47896963	0.5748125	0.912940702140513
0.48396963	0.571125	0.906589796940222
0.48896963	0.55925	0.900337952137762
0.49396963	0.54875	0.894210053607061
0.49896963	0.543	0.888214905001029
0.50396963	0.539	0.882344769206538
0.50896963	0.5440625	0.87661803888824
0.51396963	0.573125	0.871072389264866
0.51896963	0.580125	0.865589409945802
0.52396963	0.583375	0.860215055105917
0.52896963	0.578875	0.854938110836477
0.53396963	0.573375	0.849774714723761
0.53896963	0.5665625	0.844722849823058
0.54396963	0.562125	0.839790635258166
0.54896963	0.5626875	0.834983403843097
0.55396963	0.563125	0.830286625261162
0.55896963	0.557375	0.825683330723632
0.56396963	0.5560625	0.821199170471066
0.56896963	0.5528125	0.816816327139351
0.57396963	0.53775	0.812508028026477
0.57896963	0.530375	0.808322574064186
0.58396963	0.5251875	0.804244376969066
0.58896963	0.520125	0.800266644692669
0.59396963	0.5146875	0.796386594177836
0.59896963	0.5129375	0.792613122542723
0.60396963	0.510625	0.788933904622732
0.60896963	0.513125	0.785361239294238
0.61396963	0.51525	0.781880456496251
0.61896963	0.515875	0.778487296223632
0.62396963	0.516125	0.775183276507141
0.62896963	0.5136875	0.771961157235319
0.63396963	0.5123125	0.768829219150071
0.63896963	0.5108125	0.765783149131831
0.64396963	0.5146875	0.762835749237595
0.64896963	0.5215	0.759979556446219
0.65396963	0.530875	0.757212397781028
0.65896963	0.5358125	0.754515184238501
0.66396963	0.51425	0.751830343429664
0.66896963	0.503125	0.749251102820959
0.67396963	0.4915	0.746748338954688
0.67896963	0.48475	0.744334622567923
0.68396963	0.475	0.741988660831552
0.68896963	0.467	0.739721425252772
0.69396963	0.4618125	0.737534458669616
0.69896963	0.4596875	0.735427221625272
0.70396963	0.45925	0.733395015068704
0.70896963	0.4620625	0.731440641097144
0.71396963	0.4720625	0.729572966246362
0.71896963	0.4704375	0.727742709639323
0.72396963	0.4789375	0.726004257590306
0.72896963	0.478875	0.724308649968123
0.73396963	0.482875	0.722686960608854
0.73896963	0.489625	0.721134653653006
0.74396963	0.495375	0.719640980082082
0.74896963	0.4975	0.718198088138448
0.75396963	0.500625	0.716816682987519
0.75896963	0.5043125	0.715494564329164
0.76396963	0.5210625	0.714262635376864
0.76896963	0.53225	0.713072294089397
0.77396963	0.54875	0.711950380543999
0.77896963	0.5283125	0.710788009957918
0.78396963	0.5225625	0.709716272669281
0.78896963	0.525125	0.708718078424488
0.79396963	0.5295625	0.707776231396256
0.79896963	0.5328125	0.706882214918426
0.80396963	0.5300625	0.706023091513458
0.80896963	0.520125	0.705195237604606
0.81396963	0.5219375	0.704446510395475
0.81896963	0.5096875	0.703710438675912
0.82396963	0.4796875	0.702977135460868
0.82896963	0.4596875	0.702317094111841
0.83396963	0.4409375	0.701707551479825
0.83896963	0.4636875	0.701251001630975
0.84396963	0.4768125	0.700816426153252
0.84896963	0.4811875	0.700405723674133
0.85396963	0.4880625	0.70004732316918
0.85896963	0.4889375	0.699719189250248
0.86396963	0.484375	0.699422458645483
0.86896963	0.4874375	0.699190224813414
0.87396963	0.4925625	0.699007989553921
0.87896963	0.4969375	0.698868292969749
0.88396963	0.5009375	0.698771832587329
0.88896963	0.522375	0.698763884410644
0.89396963	0.519375	0.698737191098625
0.89896963	0.5203125	0.698764053692688
0.90396963	0.529	0.69885401485845
0.90896963	0.5359375	0.698982613018312
0.91396963	0.52825	0.69911678184614
0.91896963	0.5213125	0.699295677667693
0.92396963	0.52775	0.699551451643217
0.92896963	0.5228125	0.699820756914384
0.93396963	0.50925	0.700110554116934
0.93896963	0.5105	0.700480699992987
0.94396963	0.512875	0.700896191548074
0.94896963	0.51525	0.701354154780815
0.95396963	0.513375	0.701843749911293
0.95896963	0.50825	0.702367574533751
0.96396963	0.5055625	0.702940224465039
0.96896963	0.504375	0.703559380025757
0.97396963	0.5084375	0.704234716518692
0.97896963	0.51075	0.704948447986025
0.98396963	0.507625	0.70569126615036
0.98896963	0.508375	0.706487097981048
0.99396963	0.5116875	0.707332724413636
0.99896963	0.5273125	0.708253207371827
1.00396963	0.5241875	0.709169308355868
1.00896963	0.5329375	0.710159453614654
1.01396963	0.5411875	0.711192176582104
1.01896963	0.547875	0.712264927306129
1.02396963	0.5466875	0.713361742048767
1.02896963	0.5411875	0.714491898854797
1.03396963	0.5360625	0.715667554316644
1.03896963	0.529875	0.716885214115386
1.04396963	0.524625	0.718150172519487
1.04896963	0.525625	0.719476193037545
1.05396963	0.5275625	0.720849887693283
1.05896963	0.526875	0.722262345051911
1.06396963	0.516625	0.723696032470298
1.06896963	0.5214375	0.725214088858262
1.07396963	0.53575	0.726802506853348
1.07896963	0.53825	0.728407032491031
1.08396963	0.5390625	0.730053766204796
1.08896963	0.5481875	0.731768497124102
1.09396963	0.557125	0.733529741371484
1.09896963	0.5688125	0.735345255574113
1.10396963	0.5758125	0.737196289127357
1.10896963	0.5859375	0.739103075224821
1.11396963	0.5966875	0.74105949812815
1.11896963	0.60325	0.743053537845601
1.12396963	0.6030625	0.745078928844376
1.12896963	0.599375	0.747144262489137
1.13396963	0.5810625	0.749221389559907
1.13896963	0.57175	0.751370968935738
1.14396963	0.563375	0.753572665214133
1.14896963	0.5551875	0.755824819775593
1.15396963	0.554875	0.75814732214889
1.15896963	0.555375	0.760522344409914
1.16396963	0.558375	0.762954398189012
1.16896963	0.5615625	0.765437745559479
1.17396963	0.563	0.767967577988658
1.17896963	0.5808125	0.770590331157076
1.18396963	0.583875	0.77322653736888
1.18896963	0.5845625	0.775907872763193
1.19396963	0.587625	0.778646494587054
1.19896963	0.5911875	0.781437598796452
1.20396963	0.599875	0.784292967338453
1.20896963	0.6194375	0.787227234752422
1.21396963	0.623625	0.790173233212519
1.21896963	0.62875	0.79317256257293
1.22396963	0.62875	0.796209631812234
1.22896963	0.63875	0.79932300186488
1.23396963	0.6425	0.802471056014349
1.23896963	0.6475	0.805672894876742
1.24396963	0.65375	0.808928477407531
1.24896963	0.6625	0.812240992771073
1.25396963	0.6675	0.815594506342327
1.25896963	0.676875	0.819009875932889
1.26396963	0.68125	0.822463295265467
1.26896963	0.68625	0.825969364420247
1.27396963	0.688125	0.82951880036706
1.27896963	0.730625	0.833223802615099
1.28396963	0.70375	0.836803710513453
1.28896963	0.710625	0.840522654019813
1.29396963	0.718125	0.844296635145613
1.29896963	0.723125	0.848118424665302
1.30396963	0.7275	0.851993666440303
1.30896963	0.738125	0.855940873643159
1.31396963	0.751875	0.859953086030561
1.31896963	0.75125	0.863986679618601
1.32396963	0.761875	0.868108311669645
1.32896963	0.769375	0.872282458209041
1.33396963	0.775625	0.876515158672202
1.33896963	0.780625	0.880807672658369
1.34396963	0.78125	0.88515326261856
1.34896963	0.785625	0.88957390799071
1.35396963	0.7775	0.894029228915409
1.35896963	0.758125	0.898523480151929
1.36396963	0.74625	0.90310552104983
1.36896963	0.72875	0.907742593880585
1.37396963	0.70875	0.912443289345918
1.37896963	0.691875	0.917222374646875
1.38396963	0.6725	0.922065622859414
1.38896963	0.65625	0.926987290856345
1.39396963	0.65	0.932004537523958
1.39896963	0.65375	0.937116637404247
1.40396963	0.656875	0.942295379780825
1.40896963	0.66125	0.947544158479106
1.41396963	0.65875	0.952840459742067
1.41896963	0.66375	0.958218922503594
1.42396963	0.68125	0.963689876638219
1.42896963	0.751875	0.969354361275497
1.43396963	0.79625	0.975006397929237
1.43896963	0.8325	0.980688889271796
1.44396963	0.86125	0.986399730534723
1.44896963	0.886875	0.992146148651864
1.45396963	0.903125	0.99790799626483
1.45896963	0.913125	1.00368890363792
1.46396963	0.92	1.00949235769194
1.46896963	0.946875	1.01537285870332
1.47396963	0.996875	1.02133373226885
1.47896963	1.0175	1.02723612321096
1.48396963	1.069375	1.03323032392515
1.48896963	1.114375	1.03921431300926
1.49396963	1.13375	1.04513569498262
1.49896963	1.159375	1.05107160526151
1.50396963	1.205	1.05705303533995
1.50896963	1.241875	1.06300256642896
1.51396963	1.254375	1.0688765603028
1.51896963	1.29	1.07479296952525
1.52396963	1.29625	1.08061444530765
1.52896963	1.275	1.08634289649658
1.53396963	1.258125	1.09205720061612
1.53896963	1.25125	1.09776944531732
1.54396963	1.25	1.10346645862135
1.54896963	1.234375	1.10909542785331
1.55396963	1.239375	1.11474439229147
1.55896963	1.24125	1.12035151339906
1.56396963	1.231875	1.12589514619659
1.56896963	1.234375	1.13143375749877
1.57396963	1.236875	1.13693658949025
1.57896963	1.2425	1.1424114304275
1.58396963	1.239375	1.14782792381558
1.58896963	1.236875	1.15321019736954
1.59396963	1.26125	1.15862566461324
1.59896963	1.260625	1.16394221110524
1.60396963	1.25	1.16919876580515
1.60896963	1.24875	1.17444555221579
1.61396963	1.245625	1.17965462445896
1.61896963	1.248125	1.18484604745091
1.62396963	1.2525	1.19001121428503
1.62896963	1.2525	1.19513520053488
1.63396963	1.295625	1.20034051818021
1.63896963	1.34875	1.20554367697851
1.64396963	1.391875	1.21069478019168
1.64896963	1.4	1.21573119377875
1.65396963	1.395	1.22071011882317
1.65896963	1.45	1.22581976442786
1.66396963	1.46	1.23079310943455
1.66896963	1.464375	1.23573212694225
1.67396963	1.39125	1.24045445554363
1.67896963	1.378125	1.24531283031551
1.68396963	1.355	1.25012963556448
1.68896963	1.309375	1.25487417063241
1.69396963	1.285	1.25965944300388
1.69896963	1.25875	1.26442747785965
1.70396963	1.26875	1.26927676480973
1.70896963	1.269375	1.27409166211936
1.71396963	1.286875	1.27894012975778
1.71896963	1.320625	1.28382134113871
1.72396963	1.330625	1.28863373169097
1.72896963	1.34375	1.29344654676748
1.73396963	1.345	1.29822190183924
1.73896963	1.368125	1.30304640061929
1.74396963	1.40625	1.30790271704057
1.74896963	1.445625	1.31275585755259
1.75396963	1.45875	1.31753559667206
1.75896963	1.47625	1.32232018006292
1.76396963	1.533125	1.32719896000463
1.76896963	1.5075	1.33186028614415
1.77396963	1.525	1.33662500147988
1.77896963	1.53625	1.3413666384431
1.78396963	1.51875	1.34602737088323
1.78896963	1.493125	1.3506595508869
1.79396963	1.4925	1.35534744285568
1.79896963	1.501875	1.36005228328881
1.80396963	1.4825	1.36467457935924
1.80896963	1.480625	1.36933204892721
1.81396963	1.48625	1.37399861762363
1.81896963	1.555625	1.37881749811252
1.82396963	1.575	1.3834973870222
1.82896963	1.579375	1.38812711129696
1.83396963	1.58875	1.39275711641159
1.83896963	1.586875	1.3973451506532
1.84396963	1.56875	1.40187765785311
1.84896963	1.566875	1.40643685973806
1.85396963	1.565	1.41098031434793
1.85896963	1.558125	1.41549425521221
1.86396963	1.54125	1.41996483217269
1.86896963	1.5625	1.42451387974894
1.87396963	1.5575	1.42897561170666
1.87896963	1.574375	1.43347166203745
1.88396963	1.68	1.43817147550301
1.88896963	1.630625	1.44245049580614
1.89396963	1.65625	1.44689483873069
1.89896963	1.655	1.45124229661768
1.90396963	1.69	1.45565222865575
1.90896963	1.69125	1.45994361679705
1.91396963	1.72	1.46427074028713
1.91896963	1.731875	1.46851777226657
1.92396963	1.74125	1.4727188777629
1.92896963	1.759375	1.47690006973659
1.93396963	1.77	1.4810169067549
1.93896963	1.7475	1.48500081133466
1.94396963	1.708125	1.48889004888633
1.94896963	1.715	1.49284250356384
1.95396963	1.7	1.49668043076458
1.95896963	1.696875	1.50048627025298
1.96396963	1.703125	1.50424963290598
1.96896963	1.73375	1.50800467730183
1.97396963	1.743125	1.51163044694049
1.97896963	1.808125	1.51531890391449
1.98396963	1.799375	1.51873473213866
1.98896963	1.816875	1.5221287070864
1.99396963	1.843125	1.52545118069521
1.99896963	1.8775	1.5286955311712
2.00396963	1.9125	1.5318374842995
2.00896963	1.93625	1.53484152544624
2.01396963	2.018125	1.53787976117299
2.01896963	2.036875	1.5406370955389
2.02396963	2.048125	1.54325050044977
2.02896963	2.04	1.54568447691426
2.03396963	2.030625	1.54798026913686
2.03896963	2.039375	1.55018241293907
2.04396963	2.058125	1.5522652837106
2.04896963	2.050625	1.55413152452402
2.05396963	2.06875	1.55590917840476
2.05896963	2.064375	1.55747090786346
2.06396963	2.09375	1.5589563511935
2.06896963	2.110625	1.56024341798783
2.07396963	2.1075	1.56130930880051
2.07896963	2.120625	1.56224330934068
2.08396963	2.18	1.5631190150069
2.08896963	2.215	1.56375314057912
2.09396963	2.19375	1.56406173743848
2.09896963	2.186875	1.56422312791576
2.10396963	2.219375	1.56429933348097
2.10896963	2.200625	1.56405716899515
2.11396963	2.215	1.56371100705841
2.11896963	2.2425	1.56320875235838
2.12396963	2.230625	1.56241552602763
2.12896963	2.24625	1.56150180857899
2.13396963	2.205	1.56025176906329
2.13896963	2.164375	1.55881240549027
2.14396963	2.163125	1.55728300454251
2.14896963	2.111875	1.55543558309826
2.15396963	2.068125	1.55341770173421
2.15896963	2.015	1.55118697882246
2.16396963	1.98125	1.54881776007531
2.16896963	1.979375	1.54634295859179
2.17396963	2.03375	1.54382591473823
2.17896963	2.05	1.54102652919764
2.18396963	2.03125	1.53795392876551
2.18896963	1.985	1.5346284432124
2.19396963	1.97625	1.53121736429057
2.19896963	2.016875	1.52775219918189
2.20396963	2.06875	1.52413664342419
2.20896963	2.125625	1.5203558212897
2.21396963	2.174375	1.51637723745622
2.21896963	2.175625	1.51210124706073
2.22396963	2.1425	1.50756231055407
2.22896963	2.081875	1.50277883073593
2.23396963	2.03	1.49784419023358
2.23896963	1.981875	1.49274623875914
2.24396963	1.945	1.48750465384505
2.24896963	1.890625	1.4820463356709
2.25396963	1.89125	1.47655681374958
2.25896963	1.903125	1.47092435712971
2.26396963	1.866875	1.46499713872536
2.26896963	1.868125	1.45899374689268
2.27396963	1.871875	1.45282430316737
2.27896963	1.903125	1.44655209277408
2.28396963	1.926875	1.44008687018628
2.28896963	1.920625	1.4333701524215
2.29396963	1.91875	1.42648863441285
2.29896963	1.873125	1.41931798558413
2.30396963	1.865	1.41206436293093
2.30896963	1.8475	1.4046063149388
2.31396963	1.865625	1.39705706784515
2.31896963	1.915625	1.38940514253391
2.32396963	1.88125	1.38135144987582
2.32896963	1.764375	1.37289874361565
2.33396963	1.7425	1.36449860977805
2.33896963	1.739375	1.35595412055486
2.34396963	1.8125	1.34741023279423
2.34896963	1.78625	1.33841618250614
2.35396963	1.799375	1.32932481006281
2.35896963	1.74	1.31984859622856
2.36396963	1.7325	1.31030404530581
2.36896963	1.873125	1.30093604817757
2.37396963	2.051875	1.29146267885321
2.37896963	2.0075	1.28121580193224
2.38396963	2.07625	1.2710547401901
2.38896963	2.44375	1.26145427572802
2.39396963	2.0975	1.24982751451631
2.39896963	1.8425	1.23823314517339
2.40396963	1.70625	1.22674324586104
2.40896963	1.661875	1.21529143907659
2.41396963	1.65625	1.20374478408447
2.41896963	1.629375	1.19195330190658
2.42396963	1.63875	1.18006785158816
2.42896963	1.61875	1.16792514785105
2.43396963	1.6225	1.15566593261204
2.43896963	1.59625	1.14315832262671
2.44396963	1.59625	1.13055208113693
2.44896963	1.5325	1.11762369020066
2.45396963	1.484375	1.10458299996214
2.45896963	1.481875	1.09151413843689
2.46396963	1.480625	1.0783115994348
2.46896963	1.425	1.06484155588371
2.47396963	1.38625	1.05129485415568
2.47896963	1.386875	1.03773813517096
2.48396963	1.394375	1.02409783691243
2.48896963	1.3725	1.0102911519173
2.49396963	1.26	0.996171690043168
2.49896963	1.184375	0.982075744649046
2.50396963	1.124375	0.967959690779762
2.50896963	1.10125	0.953888743150155
2.51396963	1.11	0.939861213175293
2.51896963	1.0475	0.925624777651147
2.52396963	1.025625	0.91147671608313
2.52896963	0.9575	0.897206423997279
2.53396963	0.865625	0.882882869123082
2.53896963	0.784375	0.868605364001997
2.54396963	0.743125	0.854460396742611
2.54896963	0.715	0.840390607073244
2.55396963	0.72375	0.826467893045925
2.55896963	0.69	0.812500421498688
2.56396963	0.6220625	0.79852026051516
2.56896963	0.5579375	0.784635106269016
2.57396963	0.549125	0.770986874194125
2.57896963	0.50875	0.757363506233221
2.58396963	0.4744375	0.743870784160091
2.58896963	0.4750625	0.73059174211261
2.59396963	0.3325	0.717079956763935
2.59896963	0.291625	0.703969653764182
2.60396963	0.3030625	0.69114256070611
2.60896963	0.296375	0.678426090123257
2.61396963	0.229875	0.66572063137961
2.61896963	0.1960625	0.65326901040702
2.62396963	0.1655	0.641001883538607
2.62896963	0.152	0.628959911144263
2.63396963	0.1399375	0.617107981747198
2.63896963	0.1386875	0.605474341328948
2.64396963	0.1306875	0.594017856256313
2.64896963	0.111125	0.582729451455767
2.65396963	0.099125	0.571660712216266
2.65896963	0.090875	0.560804094570005
2.66396963	0.0853125	0.550158591014607
2.66896963	0.07	0.53969364706602
2.67396963	0.04840625	0.529418904529768
2.67896963	0.04153125	0.519388375120349
2.68396963	0.03816875	0.509573344969907
2.68896963	0.0353375	0.499965730561564
2.69396963	0.03303125	0.490564684928675
2.69896963	0.03115	0.4813687792168
2.70396963	0.02875	0.472374110762253
2.70896963	0.02791875	0.463584231674535
2.71396963	0.0273375	0.454993720929726
2.71896963	0.0255625	0.446596594960783
2.72396963	0.02318125	0.438391842463066
2.72896963	0.02108125	0.430379022944805
2.73396963	0.027875	0.422577265660597
2.73896963	0.0224	0.414929449766876
2.74396963	0.0206	0.407473157516262
2.74896963	0.01831875	0.400194487654107
2.75396963	0.012675	0.393082702970216
2.75896963	0.004698125	0.386136983194577
2.76396963	0	0.379368157815491
2.76896963	0	0.37277629371579
2.77396963	0	0.366345788663778
2.77896963	0	0.36007302576214
2.78396963	0	0.353954377320586
2.78896963	0	0.34798621504046
2.79396963	0	0.342164919260173
2.79896963	0	0.336486887321796
2.80396963	0	0.330948541118529
2.80896963	0	0.325546333880753
2.81396963	0	0.320276756255335
2.81896963	0	0.315136341729268
2.82396963	0	0.310121671444782
2.82896963	0	0.305229378449184
2.83396963	0	0.300456151418966
2.83896963	0	0.295798737894314
2.84396963	0	0.291253947057243
2.84896963	0	0.286818652084025
2.85396963	0	0.28248979210055
2.85896963	0	0.278264373767585
2.86396963	0	0.274139472521535
2.86896963	0	0.270112233495293
2.87396963	0	0.266179872142871
2.87896963	0	0.262339674590786
2.88396963	0	0.258588997738489
2.88896963	0	0.254925269129523
2.89396963	0	0.251345986614384
2.89896963	0	0.24784871782543
2.90396963	0	0.244431099483352
2.90896963	0	0.241090836553987
2.91396963	0	0.237825701273295
2.91896963	0	0.234633532057457
2.92396963	0	0.231512232314023
2.92896963	0	0.22845976916905
2.93396963	0	0.225474172124102
2.93896963	0	0.222553531656007
2.94396963	0	0.219695997771131
2.94896963	0	0.216899778524993
2.95396963	0	0.214163138517009
2.95896963	0	0.211484397369187
2.96396963	0	0.208861928196705
2.96896963	0	0.206294156077423
2.97396963	0	0.20377955652654
2.97896963	0	0.201316653981892
2.98396963	0	0.19890402030462
2.98896963	0	0.196540273299346
2.99396963	0	0.194224075257326
2.99896963	0	0.191954131525571
3.00396963	0	0.189729189104383
3.00896963	0	0.187548035275325
3.01396963	0	0.185409496261245
3.01896963	0	0.183312435919606
3.02396963	0	0.181255754470062
3.02896963	0	0.179238387256937
3.03396963	0	0.177259303547017
3.03896963	0	0.175317505362844
3.04396963	0	0.17341202635152
3.04896963	0	0.171541930688859
3.05396963	0	0.16970631201859
3.05896963	0	0.167904292426193
3.06396963	0	0.166135021446851
3.06896963	0	0.164397675106922
3.07396963	0	0.162691454998245
3.07896963	0	0.161015587384581
3.08396963	0	0.159369322339389
3.08896963	0	0.157751932914156
3.09396963	0	0.15616271433645
3.09896963	0	0.154600983236826
3.10396963	0	0.153066076903765
3.10896963	0	0.151557352565752
3.11396963	0	0.150074186699647
3.11896963	0	0.148615974364488
3.12396963	0	0.147182128559872
3.12896963	0	0.145772079608085
3.13396963	0	0.144385274559141
3.13896963	0	0.14302117661793
3.14396963	0	0.141679264592683
3.14896963	0	0.140359032363974
3.15396963	0	0.139059988373503
3.15896963	0	0.137781655131937
3.16396963	0	0.136523568745082
3.16896963	0	0.1352852784577
3.17396963	0	0.134066346214306
3.17896963	0	0.132866346236287
3.18396963	0	0.131684864614718
3.18896963	0	0.130521498918278
3.19396963	0	0.129375857815665
3.19896963	0	0.128247560711964
3.20396963	0	0.127136237398413
3.20896963	0	0.126041527715044
3.21396963	0	0.124963081225703
3.21896963	0	0.123900556904956
3.22396963	0	0.122853622836424
3.22896963	0	0.121821955922085
3.23396963	0	0.120805241602125
3.23896963	0	0.119803173584927
3.24396963	0	0.11881545358678
3.24896963	0	0.117841791080948
3.25396963	0	0.116881903055731
3.25896963	0	0.115935513781145
3.26396963	0	0.115002354583916
3.26896963	0	0.114082163630433
3.27396963	0	0.113174685717376
3.27896963	0	0.112279672069699
3.28396963	0	0.111396880145699
3.28896963	0	0.110526073448888
3.29396963	0	0.109667021346406
3.29896963	0	0.108819498893722
3.30396963	0	0.107983286665394
3.30896963	0	0.107158170591628
3.31396963	0	0.106343941800448
3.31896963	0	0.105540396465232
3.32396963	0	0.104747335657438
3.32896963	0	0.103964565204295
3.33396963	0	0.103191895551298
3.33896963	0	0.102429141629305
3.34396963	0	0.101676122726079
3.34896963	0	0.100932662362093
3.35396963	0	0.100198588170456
3.35896963	0	0.0994737317807929
3.36396963	0	0.0987579287069351
3.36896963	0	0.0980510182382899
3.37396963	0	0.0973528433347385
3.37896963	0	0.0966632505249455
3.38396963	0	0.0959820898079492
3.38896963	0	0.0953092145579141
3.39396963	0	0.0946444814319316
3.39896963	0	0.0939877502807587
3.40396963	0	0.0933388840623882
3.40896963	0	0.0926977487583497
3.41396963	0	0.0920642132926422
3.41896963	0	0.0914381494532061
3.42396963	0	0.090819431815845
3.42896963	0	0.0902079376705078
3.43396963	0	0.0896035469498514
3.43896963	0	0.0890061421600011
3.44396963	0	0.0884156083134353
3.44896963	0	0.087831832863916
3.45396963	0	0.0872547056433989
3.45896963	0	0.0866841188008514
3.46396963	0	0.0861199667429135
3.46896963	0	0.0855621460763404
3.47396963	0	0.0850105555521636
3.47896963	0	0.0844650960115126
3.48396963	0	0.083925670333042
3.48896963	0	0.0833921833819092
3.49396963	0	0.0828645419602499
3.49896963	0	0.0823426547591018
3.50396963	0	0.0818264323117304
3.50896963	0	0.0813157869483047
3.51396963	0	0.0808106327518848
3.51896963	0	0.0803108855156737
3.52396963	0	0.0798164627014932
3.52896963	0	0.0793272833994441
3.53396963	0	0.0788432682887121
3.53896963	0	0.0783643395994816
3.54396963	0	0.0778904210759218
3.54896963	0	0.0774214379402118
3.55396963	0	0.0769573168575699
3.55896963	0	0.0764979859022551
3.56396963	0	0.0760433745245109
3.56896963	0	0.0755934135184208
3.57396963	0	0.0751480349906472
3.57896963	0	0.0747071723300249
3.58396963	0	0.074270760177984
3.58896963	0	0.0738387343997752
3.59396963	0	0.0734110320564727
3.59896963	0	0.0729875913777302
3.60396963	0	0.0725683517352697
3.60896963	0	0.0721532536170754
3.61396963	0	0.0717422386022755
3.61896963	0	0.0713352493366899
3.62396963	0	0.0709322295090217
3.62896963	0	0.0705331238276753
3.63396963	0	0.070137877998182
3.63896963	0	0.0697464387012127
3.64396963	0	0.0693587535711629
3.64896963	0	0.0689747711752912
3.65396963	0	0.0685944409933961
3.65896963	0	0.068217713398013
3.66396963	0	0.0678445396351192
3.66896963	0	0.0674748718053301
3.67396963	0	0.0671086628455711
3.67896963	0	0.0667458665112146
3.68396963	0	0.0663864373586659
3.68896963	0	0.0660303307283855
3.69396963	0	0.0656775027283368
3.69896963	0	0.0653279102178448
3.70396963	0	0.0649815107918551
3.70896963	0	0.0646382627655829
3.71396963	0	0.0642981251595379
3.71896963	0	0.0639610576849186
3.72396963	0	0.0636270207293617
3.72896963	0	0.0632959753430388
3.73396963	0	0.0629678832250905
3.73896963	0	0.0626427067103883
3.74396963	0	0.062320408756614
3.74896963	0	0.0620009529316503
3.75396963	0	0.0616843034012721
3.75896963	0	0.0613704249171304
3.76396963	0	0.061059282805022
3.76896963	0	0.0607508429534354
3.77396963	0	0.0604450718023673
3.77896963	0	0.060141936332401
3.78396963	0	0.0598414040540399
3.78896963	0	0.0595434429972901
3.79396963	0	0.0592480217014842
3.79896963	0	0.0589551092053405
3.80396963	0	0.0586646750372516
3.80896963	0	0.0583766892057955
3.81396963	0	0.058091122190464
3.81896963	0	0.0578079449326032
3.82396963	0	0.0575271288265581
3.82896963	0	0.0572486457110197
3.83396963	0	0.0569724678605661
3.83896963	0	0.0566985679773937
3.84396963	0	0.0564269191832345
3.84896963	0	0.0561574950114531
3.85396963	0	0.0558902693993201
3.85896963	0	0.0556252166804561
3.86396963	0	0.0553623115774437
3.86896963	0	0.0551015291946008
3.87396963	0	0.0548428450109146
3.87896963	0	0.0545862348731274
3.88396963	0	0.0543316749889758
3.88896963	0	0.0540791419205751
3.89396963	0	0.0538286125779474
3.89896963	0	0.0535800642126894
3.90396963	0	0.0533334744117766
3.90896963	0	0.0530888210915001
3.91396963	0	0.0528460824915326
3.91896963	0	0.0526052371691216
3.92396963	0	0.0523662639934048
3.92896963	0	0.0521291421398468
3.93396963	0	0.0518938510847925
3.93896963	0	0.0516603706001349
3.94396963	0	0.0514286807480947
3.94896963	0	0.0511987618761094
3.95396963	0	0.0509705946118281
3.95896963	0	0.0507441598582101
3.96396963	0	0.0505194387887254
3.96896963	0	0.0502964128426539
3.97396963	0	0.050075063720481
3.97896963	0	0.0498553733793877
3.98396963	0	0.0496373240288323
3.98896963	0	0.0494208981262231
3.99396963	0	0.0492060783726775
3.99896963	0	0.0489928477088679
4.00396963	0	0.0487811893109511
4.00896963	0	0.0485710865865786
4.01396963	0	0.0483625231709889
4.01896963	0	0.0481554829231752
4.02396963	0	0.0479499499221316
4.02896963	0	0.0477459084631722
4.03396963	0	0.0475433430543245
4.03896963	0	0.0473422384127928
4.04396963	0	0.0471425794614913
4.04896963	0	0.0469443513256458
4.05396963	0	0.0467475393294609
4.05896963	0	0.0465521289928531
4.06396963	0	0.0463581060282466
4.06896963	0	0.0461654563374316
4.07396963	0	0.0459741660084828
4.07896963	0	0.0457842213127377
4.08396963	0	0.0455956087018325
4.08896963	0	0.0454083148047954
4.09396963	0	0.0452223264251942
4.09896963	0	0.0450376305383393
4.10396963	0	0.0448542142885389
4.10896963	0	0.0446720649864067
4.11396963	0	0.0444911701062198
4.11896963	0	0.0443115172833267
4.12396963	0	0.0441330943116042
4.12896963	0	0.0439558891409605
4.13396963	0	0.0437798898748861
4.13896963	0	0.04360508476805
4.14396963	0	0.0434314622239397
4.14896963	0	0.0432590107925456
4.15396963	0	0.0430877191680879
4.15896963	0	0.0429175761867844
4.16396963	0	0.0427485708246608
4.16896963	0	0.0425806921953991
4.17396963	0	0.0424139295482268
4.17896963	0	0.0422482722658433
4.18396963	0	0.0420837098623845
4.18896963	0	0.0419202319814239
4.19396963	0	0.0417578283940092
4.19896963	0	0.0415964889967356
4.20396963	0	0.0414362038098517
4.20896963	0	0.0412769629754006
4.21396963	0	0.0411187567553933
4.21896963	0	0.0409615755300155
4.22396963	0	0.0408054097958646
4.22896963	0	0.0406502501642193
4.23396963	0	0.0404960873593389
4.23896963	0	0.0403429122167926
4.24396963	0	0.0401907156818181
4.24896963	0	0.0400394888077089
4.25396963	0	0.0398892227542293
4.25896963	0	0.0397399087860577
4.26396963	0	0.039591538271256
4.26896963	0	0.039444102679766
4.27396963	0	0.0392975935819314
4.27896963	0	0.0391520026470455
4.28396963	0	0.0390073216419233
4.28896963	0	0.0388635424294985
4.29396963	0	0.0387206569674441
4.29896963	0	0.0385786573068166
4.30397	0	0.03843752518001
