   1   4   1   0  0.1826828E+02  0.1000000E-03
  CAR 
 fccAl                                   
   0   0   0
   1   1
 256 256 256
 256
  0.1000000E-09
  0.6250000E-11
   0
  0.5000000E-15  0.4180734E-09  0.4180734E-09  0.4180734E-09
  0.0000000E+00  0.0000000E+00
  0.000
  0.000
  0.000
  0.000
  0.000
  0.000
  0.000
  0.000
  0.000
  0.000
  0.000
  0.000
  0.000
  0.000
  0.000
  0.000
  0.000
  0.000
  0.000
  0.000
  0.000
  0.000
  0.000
  0.000
  0.000
  0.000
  0.000
  0.000
  0.000
  0.000
  0.000
  0.000
  0.000
  0.000
  0.000
  0.000
  0.000
  0.000
  0.000
  0.000
  0.000
  0.000
  0.000
  0.000
  0.000
  8.628
  0.000
 15.834
  7.594
  0.000
  0.000
  0.000
  0.000
  0.000
  0.000
  0.000
  0.000
  0.000
  0.000
  0.000
  0.000
  0.000
  0.000
  0.000
  0.000
  0.000
  0.000
  0.000
  0.000
  0.000
  0.000
  0.000
  0.000
  0.000
  0.000
  0.000
  0.000
  0.000
  0.000
  0.000
  0.000
 16.136
  5.249
  0.000
  0.000
  0.000
  0.000
  0.000
  0.000
  0.000
  0.000
  0.000
  0.000
  0.000
  0.000
  0.000
  0.000
  0.000
  0.000
  0.000
  0.000
  0.000
  0.000
  0.000
  3.272
  3.210
  3.150
  3.092
  0.000
  0.000
  0.000
  0.000
  0.000
  0.000
  0.000
  0.000
  0.000
  0.000
  0.000
  0.000
  0.000
  0.000
  0.000
  4.685
  4.610
  4.537
  4.465
  0.000
  0.000
  0.000
  0.000
  0.000
  0.000
  0.000
  0.000
  0.000
  0.000
  0.000
  0.000
  0.000
  0.905
  7.137
  1.759
  0.867
  0.000
  0.000
  0.000
  0.000
  0.000
  0.000
  0.000
  0.000
  0.000
  0.000
  0.000
  1.478
  2.917
  0.000
  1.422
  0.000
  0.000
  0.000
  0.000
  0.000
  0.000
  0.000
  0.000
  0.000
  0.000
  4.974
  4.916
  4.859
  0.000
  0.000
  0.000
  0.000
  0.000
  0.000
  0.000
  0.000
  0.000
  0.000
  4.291
  2.122
  2.099
  0.000
  0.000
  0.000
  0.000
  0.000
  0.000
  0.000
  0.000
  1.908
  0.944
  2.804
  1.851
  0.000
  0.000
  0.000
  0.000
  0.000
  0.000
  0.000
  1.709
  2.538
  4.189
  1.660
  0.000
  0.000
  0.000
  0.000
  0.000
  0.000
  0.000
  1.539
  1.524
  3.021
  0.000
  0.000
  0.000
  0.000
  0.000
  0.000
  0.000
  0.000
  2.786
  2.761
  0.000
  0.000
  0.000
  0.000
  0.000
  0.000
  0.325
  2.577
  3.194
  2.534
  0.314
  0.000
  0.000
  0.000
  0.000
  0.000
  3.586
  2.371
  2.940
  0.583
  0.000
  0.000
  0.000
  0.000
  0.000
  0.556
  0.552
  0.547
