&INPUT
    asr = 'crystal',
    amass(1) = 24.305,
    amass(2) = 11.000,
    flfrc = 'mgb2666.fc',
/
701
0.000000    0.000000    0.000000    0.000000
0.003333    0.005774    0.000000    0.003333
0.006667    0.011547    0.000000    0.006667
0.010000    0.017321    0.000000    0.010000
0.013333    0.023094    0.000000    0.013333
0.016667    0.028868    0.000000    0.016667
0.020000    0.034641    0.000000    0.020000
0.023333    0.040415    0.000000    0.023333
0.026667    0.046188    0.000000    0.026667
0.030000    0.051962    0.000000    0.030000
0.033333    0.057735    0.000000    0.033333
0.036667    0.063509    0.000000    0.036667
0.040000    0.069282    0.000000    0.040000
0.043333    0.075056    0.000000    0.043333
0.046667    0.080829    0.000000    0.046667
0.050000    0.086603    0.000000    0.050000
0.053333    0.092376    0.000000    0.053333
0.056667    0.098150    0.000000    0.056667
0.060000    0.103923    0.000000    0.060000
0.063333    0.109697    0.000000    0.063333
0.066667    0.115470    0.000000    0.066667
0.070000    0.121244    0.000000    0.070000
0.073333    0.127017    0.000000    0.073333
0.076667    0.132791    0.000000    0.076667
0.080000    0.138564    0.000000    0.080000
0.083333    0.144338    0.000000    0.083333
0.086667    0.150111    0.000000    0.086667
0.090000    0.155885    0.000000    0.090000
0.093333    0.161658    0.000000    0.093333
0.096667    0.167432    0.000000    0.096667
0.100000    0.173205    0.000000    0.100000
0.103333    0.178979    0.000000    0.103333
0.106667    0.184752    0.000000    0.106667
0.110000    0.190526    0.000000    0.110000
0.113333    0.196299    0.000000    0.113333
0.116667    0.202073    0.000000    0.116667
0.120000    0.207846    0.000000    0.120000
0.123333    0.213620    0.000000    0.123333
0.126667    0.219393    0.000000    0.126667
0.130000    0.225167    0.000000    0.130000
0.133333    0.230940    0.000000    0.133333
0.136667    0.236714    0.000000    0.136667
0.140000    0.242487    0.000000    0.140000
0.143333    0.248261    0.000000    0.143333
0.146667    0.254034    0.000000    0.146667
0.150000    0.259808    0.000000    0.150000
0.153333    0.265581    0.000000    0.153333
0.156667    0.271355    0.000000    0.156667
0.160000    0.277128    0.000000    0.160000
0.163333    0.282902    0.000000    0.163333
0.166667    0.288675    0.000000    0.166667
0.170000    0.294449    0.000000    0.170000
0.173333    0.300222    0.000000    0.173333
0.176667    0.305996    0.000000    0.176667
0.180000    0.311769    0.000000    0.180000
0.183333    0.317543    0.000000    0.183333
0.186667    0.323316    0.000000    0.186667
0.190000    0.329090    0.000000    0.190000
0.193333    0.334863    0.000000    0.193333
0.196667    0.340637    0.000000    0.196667
0.200000    0.346410    0.000000    0.200000
0.203333    0.352184    0.000000    0.203333
0.206667    0.357957    0.000000    0.206667
0.210000    0.363731    0.000000    0.210000
0.213333    0.369504    0.000000    0.213333
0.216667    0.375278    0.000000    0.216667
0.220000    0.381051    0.000000    0.220000
0.223333    0.386825    0.000000    0.223333
0.226667    0.392598    0.000000    0.226667
0.230000    0.398372    0.000000    0.230000
0.233333    0.404145    0.000000    0.233333
0.236667    0.409919    0.000000    0.236667
0.240000    0.415692    0.000000    0.240000
0.243333    0.421466    0.000000    0.243333
0.246667    0.427239    0.000000    0.246667
0.250000    0.433013    0.000000    0.250000
0.253333    0.438786    0.000000    0.253333
0.256667    0.444560    0.000000    0.256667
0.260000    0.450333    0.000000    0.260000
0.263333    0.456107    0.000000    0.263333
0.266667    0.461880    0.000000    0.266667
0.270000    0.467654    0.000000    0.270000
0.273333    0.473427    0.000000    0.273333
0.276667    0.479201    0.000000    0.276667
0.280000    0.484974    0.000000    0.280000
0.283333    0.490748    0.000000    0.283333
0.286667    0.496521    0.000000    0.286667
0.290000    0.502295    0.000000    0.290000
0.293333    0.508068    0.000000    0.293333
0.296667    0.513842    0.000000    0.296667
0.300000    0.519615    0.000000    0.300000
0.303333    0.525389    0.000000    0.303333
0.306667    0.531162    0.000000    0.306667
0.310000    0.536936    0.000000    0.310000
0.313333    0.542709    0.000000    0.313333
0.316667    0.548483    0.000000    0.316667
0.320000    0.554256    0.000000    0.320000
0.323333    0.560030    0.000000    0.323333
0.326667    0.565803    0.000000    0.326667
0.330000    0.571577    0.000000    0.330000
0.333333    0.577350    0.000000    0.333333
0.330000    0.577350    0.000000    0.336667
0.326667    0.577350    0.000000    0.340000
0.323333    0.577350    0.000000    0.343333
0.320000    0.577350    0.000000    0.346667
0.316667    0.577350    0.000000    0.350000
0.313333    0.577350    0.000000    0.353333
0.310000    0.577350    0.000000    0.356667
0.306667    0.577350    0.000000    0.360000
0.303333    0.577350    0.000000    0.363333
0.300000    0.577350    0.000000    0.366667
0.296667    0.577350    0.000000    0.370000
0.293333    0.577350    0.000000    0.373333
0.290000    0.577350    0.000000    0.376667
0.286667    0.577350    0.000000    0.380000
0.283333    0.577350    0.000000    0.383333
0.280000    0.577350    0.000000    0.386667
0.276667    0.577350    0.000000    0.390000
0.273333    0.577350    0.000000    0.393333
0.270000    0.577350    0.000000    0.396667
0.266667    0.577350    0.000000    0.400000
0.263333    0.577350    0.000000    0.403333
0.260000    0.577350    0.000000    0.406667
0.256667    0.577350    0.000000    0.410000
0.253333    0.577350    0.000000    0.413333
0.250000    0.577350    0.000000    0.416667
0.246667    0.577350    0.000000    0.420000
0.243333    0.577350    0.000000    0.423333
0.240000    0.577350    0.000000    0.426667
0.236667    0.577350    0.000000    0.430000
0.233333    0.577350    0.000000    0.433333
0.230000    0.577350    0.000000    0.436667
0.226667    0.577350    0.000000    0.440000
0.223333    0.577350    0.000000    0.443333
0.220000    0.577350    0.000000    0.446667
0.216667    0.577350    0.000000    0.450000
0.213333    0.577350    0.000000    0.453333
0.210000    0.577350    0.000000    0.456667
0.206667    0.577350    0.000000    0.460000
0.203333    0.577350    0.000000    0.463333
0.200000    0.577350    0.000000    0.466667
0.196667    0.577350    0.000000    0.470000
0.193333    0.577350    0.000000    0.473333
0.190000    0.577350    0.000000    0.476667
0.186667    0.577350    0.000000    0.480000
0.183333    0.577350    0.000000    0.483333
0.180000    0.577350    0.000000    0.486667
0.176667    0.577350    0.000000    0.490000
0.173333    0.577350    0.000000    0.493333
0.170000    0.577350    0.000000    0.496667
0.166667    0.577350    0.000000    0.500000
0.163333    0.577350    0.000000    0.503333
0.160000    0.577350    0.000000    0.506667
0.156667    0.577350    0.000000    0.510000
0.153333    0.577350    0.000000    0.513333
0.150000    0.577350    0.000000    0.516667
0.146667    0.577350    0.000000    0.520000
0.143333    0.577350    0.000000    0.523333
0.140000    0.577350    0.000000    0.526667
0.136667    0.577350    0.000000    0.530000
0.133333    0.577350    0.000000    0.533333
0.130000    0.577350    0.000000    0.536667
0.126667    0.577350    0.000000    0.540000
0.123333    0.577350    0.000000    0.543333
0.120000    0.577350    0.000000    0.546667
0.116667    0.577350    0.000000    0.550000
0.113333    0.577350    0.000000    0.553333
0.110000    0.577350    0.000000    0.556667
0.106667    0.577350    0.000000    0.560000
0.103333    0.577350    0.000000    0.563333
0.100000    0.577350    0.000000    0.566667
0.096667    0.577350    0.000000    0.570000
0.093333    0.577350    0.000000    0.573333
0.090000    0.577350    0.000000    0.576667
0.086667    0.577350    0.000000    0.580000
0.083333    0.577350    0.000000    0.583333
0.080000    0.577350    0.000000    0.586667
0.076667    0.577350    0.000000    0.590000
0.073333    0.577350    0.000000    0.593333
0.070000    0.577350    0.000000    0.596667
0.066667    0.577350    0.000000    0.600000
0.063333    0.577350    0.000000    0.603333
0.060000    0.577350    0.000000    0.606667
0.056667    0.577350    0.000000    0.610000
0.053333    0.577350    0.000000    0.613333
0.050000    0.577350    0.000000    0.616667
0.046667    0.577350    0.000000    0.620000
0.043333    0.577350    0.000000    0.623333
0.040000    0.577350    0.000000    0.626667
0.036667    0.577350    0.000000    0.630000
0.033333    0.577350    0.000000    0.633333
0.030000    0.577350    0.000000    0.636667
0.026667    0.577350    0.000000    0.640000
0.023333    0.577350    0.000000    0.643333
0.020000    0.577350    0.000000    0.646667
0.016667    0.577350    0.000000    0.650000
0.013333    0.577350    0.000000    0.653333
0.010000    0.577350    0.000000    0.656667
0.006667    0.577350    0.000000    0.660000
0.003333    0.577350    0.000000    0.663333
0.000000    0.577350    0.000000    0.666667
0.000000    0.571577    0.000000    0.672440
0.000000    0.565803    0.000000    0.678214
0.000000    0.560030    0.000000    0.683987
0.000000    0.554256    0.000000    0.689761
0.000000    0.548483    0.000000    0.695534
0.000000    0.542709    0.000000    0.701308
0.000000    0.536936    0.000000    0.707081
0.000000    0.531162    0.000000    0.712855
0.000000    0.525389    0.000000    0.718628
0.000000    0.519615    0.000000    0.724402
0.000000    0.513842    0.000000    0.730175
0.000000    0.508068    0.000000    0.735949
0.000000    0.502295    0.000000    0.741722
0.000000    0.496521    0.000000    0.747496
0.000000    0.490748    0.000000    0.753269
0.000000    0.484974    0.000000    0.759043
0.000000    0.479201    0.000000    0.764816
0.000000    0.473427    0.000000    0.770590
0.000000    0.467654    0.000000    0.776363
0.000000    0.461880    0.000000    0.782137
0.000000    0.456107    0.000000    0.787910
0.000000    0.450333    0.000000    0.793684
0.000000    0.444560    0.000000    0.799457
0.000000    0.438786    0.000000    0.805231
0.000000    0.433013    0.000000    0.811004
0.000000    0.427239    0.000000    0.816778
0.000000    0.421466    0.000000    0.822551
0.000000    0.415692    0.000000    0.828325
0.000000    0.409919    0.000000    0.834098
0.000000    0.404145    0.000000    0.839872
0.000000    0.398372    0.000000    0.845645
0.000000    0.392598    0.000000    0.851419
0.000000    0.386825    0.000000    0.857192
0.000000    0.381051    0.000000    0.862966
0.000000    0.375278    0.000000    0.868739
0.000000    0.369504    0.000000    0.874513
0.000000    0.363731    0.000000    0.880286
0.000000    0.357957    0.000000    0.886060
0.000000    0.352184    0.000000    0.891833
0.000000    0.346410    0.000000    0.897607
0.000000    0.340637    0.000000    0.903380
0.000000    0.334863    0.000000    0.909154
0.000000    0.329090    0.000000    0.914927
0.000000    0.323316    0.000000    0.920701
0.000000    0.317543    0.000000    0.926474
0.000000    0.311769    0.000000    0.932248
0.000000    0.305996    0.000000    0.938021
0.000000    0.300222    0.000000    0.943795
0.000000    0.294449    0.000000    0.949568
0.000000    0.288675    0.000000    0.955342
0.000000    0.282902    0.000000    0.961115
0.000000    0.277128    0.000000    0.966889
0.000000    0.271355    0.000000    0.972662
0.000000    0.265581    0.000000    0.978436
0.000000    0.259808    0.000000    0.984209
0.000000    0.254034    0.000000    0.989983
0.000000    0.248261    0.000000    0.995756
0.000000    0.242487    0.000000    1.001530
0.000000    0.236714    0.000000    1.007303
0.000000    0.230940    0.000000    1.013077
0.000000    0.225167    0.000000    1.018850
0.000000    0.219393    0.000000    1.024624
0.000000    0.213620    0.000000    1.030397
0.000000    0.207846    0.000000    1.036171
0.000000    0.202073    0.000000    1.041944
0.000000    0.196299    0.000000    1.047718
0.000000    0.190526    0.000000    1.053491
0.000000    0.184752    0.000000    1.059265
0.000000    0.178979    0.000000    1.065038
0.000000    0.173205    0.000000    1.070812
0.000000    0.167432    0.000000    1.076585
0.000000    0.161658    0.000000    1.082359
0.000000    0.155885    0.000000    1.088132
0.000000    0.150111    0.000000    1.093906
0.000000    0.144338    0.000000    1.099679
0.000000    0.138564    0.000000    1.105453
0.000000    0.132791    0.000000    1.111226
0.000000    0.127017    0.000000    1.117000
0.000000    0.121244    0.000000    1.122773
0.000000    0.115470    0.000000    1.128547
0.000000    0.109697    0.000000    1.134320
0.000000    0.103923    0.000000    1.140094
0.000000    0.098150    0.000000    1.145867
0.000000    0.092376    0.000000    1.151641
0.000000    0.086603    0.000000    1.157414
0.000000    0.080829    0.000000    1.163188
0.000000    0.075056    0.000000    1.168961
0.000000    0.069282    0.000000    1.174735
0.000000    0.063509    0.000000    1.180508
0.000000    0.057735    0.000000    1.186282
0.000000    0.051962    0.000000    1.192055
0.000000    0.046188    0.000000    1.197829
0.000000    0.040415    0.000000    1.203602
0.000000    0.034641    0.000000    1.209376
0.000000    0.028868    0.000000    1.215149
0.000000    0.023094    0.000000    1.220923
0.000000    0.017321    0.000000    1.226696
0.000000    0.011547    0.000000    1.232470
0.000000    0.005774    0.000000    1.238243
0.000000    0.000000    0.000000    1.244017
0.000000    0.000000    0.004398    1.248415
0.000000    0.000000    0.008796    1.252813
0.000000    0.000000    0.013194    1.257211
0.000000    0.000000    0.017593    1.261610
0.000000    0.000000    0.021991    1.266008
0.000000    0.000000    0.026389    1.270406
0.000000    0.000000    0.030787    1.274804
0.000000    0.000000    0.035185    1.279202
0.000000    0.000000    0.039583    1.283600
0.000000    0.000000    0.043981    1.287998
0.000000    0.000000    0.048380    1.292397
0.000000    0.000000    0.052778    1.296795
0.000000    0.000000    0.057176    1.301193
0.000000    0.000000    0.061574    1.305591
0.000000    0.000000    0.065972    1.309989
0.000000    0.000000    0.070370    1.314387
0.000000    0.000000    0.074768    1.318785
0.000000    0.000000    0.079167    1.323184
0.000000    0.000000    0.083565    1.327582
0.000000    0.000000    0.087963    1.331980
0.000000    0.000000    0.092361    1.336378
0.000000    0.000000    0.096759    1.340776
0.000000    0.000000    0.101157    1.345174
0.000000    0.000000    0.105555    1.349572
0.000000    0.000000    0.109954    1.353971
0.000000    0.000000    0.114352    1.358369
0.000000    0.000000    0.118750    1.362767
0.000000    0.000000    0.123148    1.367165
0.000000    0.000000    0.127546    1.371563
0.000000    0.000000    0.131944    1.375961
0.000000    0.000000    0.136342    1.380359
0.000000    0.000000    0.140741    1.384758
0.000000    0.000000    0.145139    1.389156
0.000000    0.000000    0.149537    1.393554
0.000000    0.000000    0.153935    1.397952
0.000000    0.000000    0.158333    1.402350
0.000000    0.000000    0.162731    1.406748
0.000000    0.000000    0.167129    1.411146
0.000000    0.000000    0.171528    1.415545
0.000000    0.000000    0.175926    1.419943
0.000000    0.000000    0.180324    1.424341
0.000000    0.000000    0.184722    1.428739
0.000000    0.000000    0.189120    1.433137
0.000000    0.000000    0.193518    1.437535
0.000000    0.000000    0.197916    1.441933
0.000000    0.000000    0.202315    1.446332
0.000000    0.000000    0.206713    1.450730
0.000000    0.000000    0.211111    1.455128
0.000000    0.000000    0.215509    1.459526
0.000000    0.000000    0.219907    1.463924
0.000000    0.000000    0.224305    1.468322
0.000000    0.000000    0.228703    1.472720
0.000000    0.000000    0.233102    1.477119
0.000000    0.000000    0.237500    1.481517
0.000000    0.000000    0.241898    1.485915
0.000000    0.000000    0.246296    1.490313
0.000000    0.000000    0.250694    1.494711
0.000000    0.000000    0.255092    1.499109
0.000000    0.000000    0.259490    1.503507
0.000000    0.000000    0.263889    1.507906
0.000000    0.000000    0.268287    1.512304
0.000000    0.000000    0.272685    1.516702
0.000000    0.000000    0.277083    1.521100
0.000000    0.000000    0.281481    1.525498
0.000000    0.000000    0.285879    1.529896
0.000000    0.000000    0.290277    1.534294
0.000000    0.000000    0.294676    1.538693
0.000000    0.000000    0.299074    1.543091
0.000000    0.000000    0.303472    1.547489
0.000000    0.000000    0.307870    1.551887
0.000000    0.000000    0.312268    1.556285
0.000000    0.000000    0.316666    1.560683
0.000000    0.000000    0.321064    1.565081
0.000000    0.000000    0.325463    1.569480
0.000000    0.000000    0.329861    1.573878
0.000000    0.000000    0.334259    1.578276
0.000000    0.000000    0.338657    1.582674
0.000000    0.000000    0.343055    1.587072
0.000000    0.000000    0.347453    1.591470
0.000000    0.000000    0.351851    1.595868
0.000000    0.000000    0.356250    1.600267
0.000000    0.000000    0.360648    1.604665
0.000000    0.000000    0.365046    1.609063
0.000000    0.000000    0.369444    1.613461
0.000000    0.000000    0.373842    1.617859
0.000000    0.000000    0.378240    1.622257
0.000000    0.000000    0.382638    1.626655
0.000000    0.000000    0.387037    1.631054
0.000000    0.000000    0.391435    1.635452
0.000000    0.000000    0.395833    1.639850
0.000000    0.000000    0.400231    1.644248
0.000000    0.000000    0.404629    1.648646
0.000000    0.000000    0.409027    1.653044
0.000000    0.000000    0.413425    1.657442
0.000000    0.000000    0.417824    1.661841
0.000000    0.000000    0.422222    1.666239
0.000000    0.000000    0.426620    1.670637
0.000000    0.000000    0.431018    1.675035
0.000000    0.000000    0.435416    1.679433
0.000000    0.000000    0.439814    1.683831
0.003333    0.005774    0.439814    1.687165
0.006667    0.011547    0.439814    1.690498
0.010000    0.017321    0.439814    1.693831
0.013333    0.023094    0.439814    1.697165
0.016667    0.028868    0.439814    1.700498
0.020000    0.034641    0.439814    1.703831
0.023333    0.040415    0.439814    1.707165
0.026667    0.046188    0.439814    1.710498
0.030000    0.051962    0.439814    1.713831
0.033333    0.057735    0.439814    1.717165
0.036667    0.063509    0.439814    1.720498
0.040000    0.069282    0.439814    1.723831
0.043333    0.075056    0.439814    1.727165
0.046667    0.080829    0.439814    1.730498
0.050000    0.086603    0.439814    1.733831
0.053333    0.092376    0.439814    1.737165
0.056667    0.098150    0.439814    1.740498
0.060000    0.103923    0.439814    1.743831
0.063333    0.109697    0.439814    1.747165
0.066667    0.115470    0.439814    1.750498
0.070000    0.121244    0.439814    1.753831
0.073333    0.127017    0.439814    1.757165
0.076667    0.132791    0.439814    1.760498
0.080000    0.138564    0.439814    1.763831
0.083333    0.144338    0.439814    1.767165
0.086667    0.150111    0.439814    1.770498
0.090000    0.155885    0.439814    1.773831
0.093333    0.161658    0.439814    1.777165
0.096667    0.167432    0.439814    1.780498
0.100000    0.173205    0.439814    1.783831
0.103333    0.178979    0.439814    1.787165
0.106667    0.184752    0.439814    1.790498
0.110000    0.190526    0.439814    1.793831
0.113333    0.196299    0.439814    1.797165
0.116667    0.202073    0.439814    1.800498
0.120000    0.207846    0.439814    1.803831
0.123333    0.213620    0.439814    1.807165
0.126667    0.219393    0.439814    1.810498
0.130000    0.225167    0.439814    1.813831
0.133333    0.230940    0.439814    1.817165
0.136667    0.236714    0.439814    1.820498
0.140000    0.242487    0.439814    1.823831
0.143333    0.248261    0.439814    1.827165
0.146667    0.254034    0.439814    1.830498
0.150000    0.259808    0.439814    1.833831
0.153333    0.265581    0.439814    1.837165
0.156667    0.271355    0.439814    1.840498
0.160000    0.277128    0.439814    1.843831
0.163333    0.282902    0.439814    1.847165
0.166667    0.288675    0.439814    1.850498
0.170000    0.294449    0.439814    1.853831
0.173333    0.300222    0.439814    1.857165
0.176667    0.305996    0.439814    1.860498
0.180000    0.311769    0.439814    1.863831
0.183333    0.317543    0.439814    1.867165
0.186667    0.323316    0.439814    1.870498
0.190000    0.329090    0.439814    1.873831
0.193333    0.334863    0.439814    1.877165
0.196667    0.340637    0.439814    1.880498
0.200000    0.346410    0.439814    1.883831
0.203333    0.352184    0.439814    1.887165
0.206667    0.357957    0.439814    1.890498
0.210000    0.363731    0.439814    1.893831
0.213333    0.369504    0.439814    1.897165
0.216667    0.375278    0.439814    1.900498
0.220000    0.381051    0.439814    1.903831
0.223333    0.386825    0.439814    1.907165
0.226667    0.392598    0.439814    1.910498
0.230000    0.398372    0.439814    1.913831
0.233333    0.404145    0.439814    1.917165
0.236667    0.409919    0.439814    1.920498
0.240000    0.415692    0.439814    1.923831
0.243333    0.421466    0.439814    1.927165
0.246667    0.427239    0.439814    1.930498
0.250000    0.433013    0.439814    1.933831
0.253333    0.438786    0.439814    1.937165
0.256667    0.444560    0.439814    1.940498
0.260000    0.450333    0.439814    1.943831
0.263333    0.456107    0.439814    1.947165
0.266667    0.461880    0.439814    1.950498
0.270000    0.467654    0.439814    1.953831
0.273333    0.473427    0.439814    1.957165
0.276667    0.479201    0.439814    1.960498
0.280000    0.484974    0.439814    1.963831
0.283333    0.490748    0.439814    1.967165
0.286667    0.496521    0.439814    1.970498
0.290000    0.502295    0.439814    1.973831
0.293333    0.508068    0.439814    1.977165
0.296667    0.513842    0.439814    1.980498
0.300000    0.519615    0.439814    1.983831
0.303333    0.525389    0.439814    1.987165
0.306667    0.531162    0.439814    1.990498
0.310000    0.536936    0.439814    1.993831
0.313333    0.542709    0.439814    1.997165
0.316667    0.548483    0.439814    2.000498
0.320000    0.554256    0.439814    2.003831
0.323333    0.560030    0.439814    2.007165
0.326667    0.565803    0.439814    2.010498
0.330000    0.571577    0.439814    2.013831
0.333333    0.577350    0.439814    2.017165
0.330000    0.577350    0.439814    2.020498
0.326667    0.577350    0.439814    2.023831
0.323333    0.577350    0.439814    2.027165
0.320000    0.577350    0.439814    2.030498
0.316667    0.577350    0.439814    2.033831
0.313333    0.577350    0.439814    2.037165
0.310000    0.577350    0.439814    2.040498
0.306667    0.577350    0.439814    2.043831
0.303333    0.577350    0.439814    2.047165
0.300000    0.577350    0.439814    2.050498
0.296667    0.577350    0.439814    2.053831
0.293333    0.577350    0.439814    2.057165
0.290000    0.577350    0.439814    2.060498
0.286667    0.577350    0.439814    2.063831
0.283333    0.577350    0.439814    2.067165
0.280000    0.577350    0.439814    2.070498
0.276667    0.577350    0.439814    2.073831
0.273333    0.577350    0.439814    2.077165
0.270000    0.577350    0.439814    2.080498
0.266667    0.577350    0.439814    2.083831
0.263333    0.577350    0.439814    2.087165
0.260000    0.577350    0.439814    2.090498
0.256667    0.577350    0.439814    2.093831
0.253333    0.577350    0.439814    2.097165
0.250000    0.577350    0.439814    2.100498
0.246667    0.577350    0.439814    2.103831
0.243333    0.577350    0.439814    2.107165
0.240000    0.577350    0.439814    2.110498
0.236667    0.577350    0.439814    2.113831
0.233333    0.577350    0.439814    2.117165
0.230000    0.577350    0.439814    2.120498
0.226667    0.577350    0.439814    2.123831
0.223333    0.577350    0.439814    2.127165
0.220000    0.577350    0.439814    2.130498
0.216667    0.577350    0.439814    2.133831
0.213333    0.577350    0.439814    2.137165
0.210000    0.577350    0.439814    2.140498
0.206667    0.577350    0.439814    2.143831
0.203333    0.577350    0.439814    2.147165
0.200000    0.577350    0.439814    2.150498
0.196667    0.577350    0.439814    2.153831
0.193333    0.577350    0.439814    2.157165
0.190000    0.577350    0.439814    2.160498
0.186667    0.577350    0.439814    2.163831
0.183333    0.577350    0.439814    2.167165
0.180000    0.577350    0.439814    2.170498
0.176667    0.577350    0.439814    2.173831
0.173333    0.577350    0.439814    2.177165
0.170000    0.577350    0.439814    2.180498
0.166667    0.577350    0.439814    2.183831
0.163333    0.577350    0.439814    2.187165
0.160000    0.577350    0.439814    2.190498
0.156667    0.577350    0.439814    2.193831
0.153333    0.577350    0.439814    2.197165
0.150000    0.577350    0.439814    2.200498
0.146667    0.577350    0.439814    2.203831
0.143333    0.577350    0.439814    2.207165
0.140000    0.577350    0.439814    2.210498
0.136667    0.577350    0.439814    2.213831
0.133333    0.577350    0.439814    2.217165
0.130000    0.577350    0.439814    2.220498
0.126667    0.577350    0.439814    2.223831
0.123333    0.577350    0.439814    2.227165
0.120000    0.577350    0.439814    2.230498
0.116667    0.577350    0.439814    2.233831
0.113333    0.577350    0.439814    2.237165
0.110000    0.577350    0.439814    2.240498
0.106667    0.577350    0.439814    2.243831
0.103333    0.577350    0.439814    2.247165
0.100000    0.577350    0.439814    2.250498
0.096667    0.577350    0.439814    2.253831
0.093333    0.577350    0.439814    2.257165
0.090000    0.577350    0.439814    2.260498
0.086667    0.577350    0.439814    2.263831
0.083333    0.577350    0.439814    2.267165
0.080000    0.577350    0.439814    2.270498
0.076667    0.577350    0.439814    2.273831
0.073333    0.577350    0.439814    2.277165
0.070000    0.577350    0.439814    2.280498
0.066667    0.577350    0.439814    2.283831
0.063333    0.577350    0.439814    2.287165
0.060000    0.577350    0.439814    2.290498
0.056667    0.577350    0.439814    2.293831
0.053333    0.577350    0.439814    2.297165
0.050000    0.577350    0.439814    2.300498
0.046667    0.577350    0.439814    2.303831
0.043333    0.577350    0.439814    2.307165
0.040000    0.577350    0.439814    2.310498
0.036667    0.577350    0.439814    2.313831
0.033333    0.577350    0.439814    2.317165
0.030000    0.577350    0.439814    2.320498
0.026667    0.577350    0.439814    2.323831
0.023333    0.577350    0.439814    2.327165
0.020000    0.577350    0.439814    2.330498
0.016667    0.577350    0.439814    2.333831
0.013333    0.577350    0.439814    2.337165
0.010000    0.577350    0.439814    2.340498
0.006667    0.577350    0.439814    2.343831
0.003333    0.577350    0.439814    2.347165
0.000000    0.577350    0.439814    2.350498
0.000000    0.571577    0.439814    2.356271
0.000000    0.565803    0.439814    2.362045
0.000000    0.560030    0.439814    2.367818
0.000000    0.554256    0.439814    2.373592
0.000000    0.548483    0.439814    2.379365
0.000000    0.542709    0.439814    2.385139
0.000000    0.536936    0.439814    2.390912
0.000000    0.531162    0.439814    2.396686
0.000000    0.525389    0.439814    2.402459
0.000000    0.519615    0.439814    2.408233
0.000000    0.513842    0.439814    2.414006
0.000000    0.508068    0.439814    2.419780
0.000000    0.502295    0.439814    2.425553
0.000000    0.496521    0.439814    2.431327
0.000000    0.490748    0.439814    2.437100
0.000000    0.484974    0.439814    2.442874
0.000000    0.479201    0.439814    2.448647
0.000000    0.473427    0.439814    2.454421
0.000000    0.467654    0.439814    2.460194
0.000000    0.461880    0.439814    2.465968
0.000000    0.456107    0.439814    2.471742
0.000000    0.450333    0.439814    2.477515
0.000000    0.444560    0.439814    2.483289
0.000000    0.438786    0.439814    2.489062
0.000000    0.433013    0.439814    2.494836
0.000000    0.427239    0.439814    2.500609
0.000000    0.421466    0.439814    2.506383
0.000000    0.415692    0.439814    2.512156
0.000000    0.409919    0.439814    2.517930
0.000000    0.404145    0.439814    2.523703
0.000000    0.398372    0.439814    2.529477
0.000000    0.392598    0.439814    2.535250
0.000000    0.386825    0.439814    2.541024
0.000000    0.381051    0.439814    2.546797
0.000000    0.375278    0.439814    2.552571
0.000000    0.369504    0.439814    2.558344
0.000000    0.363731    0.439814    2.564118
0.000000    0.357957    0.439814    2.569891
0.000000    0.352184    0.439814    2.575665
0.000000    0.346410    0.439814    2.581438
0.000000    0.340637    0.439814    2.587212
0.000000    0.334863    0.439814    2.592985
0.000000    0.329090    0.439814    2.598759
0.000000    0.323316    0.439814    2.604532
0.000000    0.317543    0.439814    2.610306
0.000000    0.311769    0.439814    2.616079
0.000000    0.305996    0.439814    2.621853
0.000000    0.300222    0.439814    2.627626
0.000000    0.294449    0.439814    2.633400
0.000000    0.288675    0.439814    2.639173
0.000000    0.282902    0.439814    2.644947
0.000000    0.277128    0.439814    2.650720
0.000000    0.271355    0.439814    2.656494
0.000000    0.265581    0.439814    2.662267
0.000000    0.259808    0.439814    2.668041
0.000000    0.254034    0.439814    2.673814
0.000000    0.248261    0.439814    2.679588
0.000000    0.242487    0.439814    2.685361
0.000000    0.236714    0.439814    2.691135
0.000000    0.230940    0.439814    2.696908
0.000000    0.225167    0.439814    2.702682
0.000000    0.219393    0.439814    2.708455
0.000000    0.213620    0.439814    2.714229
0.000000    0.207846    0.439814    2.720002
0.000000    0.202073    0.439814    2.725776
0.000000    0.196299    0.439814    2.731549
0.000000    0.190526    0.439814    2.737323
0.000000    0.184752    0.439814    2.743096
0.000000    0.178979    0.439814    2.748870
0.000000    0.173205    0.439814    2.754643
0.000000    0.167432    0.439814    2.760417
0.000000    0.161658    0.439814    2.766190
0.000000    0.155885    0.439814    2.771964
0.000000    0.150111    0.439814    2.777737
0.000000    0.144338    0.439814    2.783511
0.000000    0.138564    0.439814    2.789284
0.000000    0.132791    0.439814    2.795058
0.000000    0.127017    0.439814    2.800831
0.000000    0.121244    0.439814    2.806605
0.000000    0.115470    0.439814    2.812378
0.000000    0.109697    0.439814    2.818152
0.000000    0.103923    0.439814    2.823925
0.000000    0.098150    0.439814    2.829699
0.000000    0.092376    0.439814    2.835472
0.000000    0.086603    0.439814    2.841246
0.000000    0.080829    0.439814    2.847019
0.000000    0.075056    0.439814    2.852793
0.000000    0.069282    0.439814    2.858566
0.000000    0.063509    0.439814    2.864340
0.000000    0.057735    0.439814    2.870113
0.000000    0.051962    0.439814    2.875887
0.000000    0.046188    0.439814    2.881660
0.000000    0.040415    0.439814    2.887434
0.000000    0.034641    0.439814    2.893207
0.000000    0.028868    0.439814    2.898981
0.000000    0.023094    0.439814    2.904754
0.000000    0.017321    0.439814    2.910528
0.000000    0.011547    0.439814    2.916301
0.000000    0.005774    0.439814    2.922075
0.000000    0.000000    0.439814    2.927848
